4638
3	&6	4.761e-05
3	'-	0.00028566
3	'm	4.761e-05
3	's	9.522e-05
3	+2	4.761e-05
3	+5	9.522e-05
3	+6	4.761e-05
3	+8	4.761e-05
3	+a	4.761e-05
3	+h	4.761e-05
3	,1	4.761e-05
3	,3	0.00019044
3	,4	4.761e-05
3	,5	0.00014283
3	,6	9.522e-05
3	,7	0.00014283
3	--	0.00014283
3	-1	0.0009522
3	-2	9.522e-05
3	-3	0.00295182
3	-4	0.00318987
3	-5	0.00233289
3	-6	0.0028566
3	-7	0.00133308
3	-8	0.00128547
3	-9	0.00166635
3	->	0.00038088
3	-[	0.00066654
3	-a	0.00014283
3	-c	4.761e-05
3	-e	0.00023805
3	-f	0.00028566
3	-g	4.761e-05
3	-h	4.761e-05
3	-l	4.761e-05
3	-m	4.761e-05
3	-n	0.00057132
3	-o	9.522e-05
3	-u	4.761e-05
3	-x	9.522e-05
3	.-	4.761e-05
3	.0	0.019282
3	.1	0.0176157
3	.2	0.0212817
3	.3	0.0194249
3	.4	0.0162826
3	.5	0.023805
3	.6	0.0189012
3	.7	0.0168063
3	.8	0.0175205
3	.9	0.0166635
3	.h	4.761e-05
3	.s	0.00023805
3	.t	4.761e-05
3	.v	4.761e-05
3	/+	0.00014283
3	/1	0.00071415
3	/2	0.00014283
3	/3	0.00057132
3	/4	0.00157113
3	/5	0.00066654
3	/6	0.00066654
3	/7	0.00019044
3	/8	0.00033327
3	/9	4.761e-05
3	/a	4.761e-05
3	/e	4.761e-05
3	/h	9.522e-05
3	/j	4.761e-05
3	/k	4.761e-05
3	/m	0.00014283
3	/p	4.761e-05
3	/s	4.761e-05
3	/t	4.761e-05
3	/x	4.761e-05
3	0-	0.00123786
3	0.	0.00023805
3	0/	4.761e-05
3	00	0.0413255
3	01	0.00723672
3	02	0.00747477
3	03	0.00885546
3	04	0.0066654
3	05	0.00542754
3	06	0.00652257
3	07	0.00818892
3	08	0.00914112
3	09	0.00828414
3	0a	9.522e-05
3	0c	4.761e-05
3	0f	4.761e-05
3	0g	4.761e-05
3	0h	4.761e-05
3	0k	0.00023805
3	0p	4.761e-05
3	0x	9.522e-05
3	1-	0.00028566
3	1.	0.0004761
3	10	0.0144258
3	11	0.00699867
3	12	0.00780804
3	13	0.00704628
3	14	0.00671301
3	15	0.00780804
3	16	0.00814131
3	17	0.00885546
3	18	0.00623691
3	19	0.00547515
3	1a	4.761e-05
3	1k	4.761e-05
3	1q	4.761e-05
3	1v	4.761e-05
3	1z	9.522e-05
3	2-	0.00071415
3	2.	0.00019044
3	20	0.0108551
3	21	0.00742716
3	22	0.00604647
3	23	0.00704628
3	24	0.00756999
3	25	0.0109503
3	26	0.0110931
3	27	0.00537993
3	28	0.00704628
3	29	0.00623691
3	2b	4.761e-05
3	2c	4.761e-05
3	2i	4.761e-05
3	2m	4.761e-05
3	2o	9.522e-05
3	2p	0.00014283
3	2s	4.761e-05
3	2x	0.00019044
3	2y	9.522e-05
3	3-	4.761e-05
3	3.	4.761e-05
3	30	0.00918873
3	31	0.00680823
3	32	0.00742716
3	33	0.00699867
3	34	0.00642735
3	35	0.00899829
3	36	0.0071415
3	37	0.00595125
3	38	0.00885546
3	39	0.00628452
3	3b	0.00014283
3	3c	4.761e-05
3	3h	0.00019044
3	3k	4.761e-05
3	3r	4.761e-05
3	4-	9.522e-05
3	4.	0.00019044
3	40	0.00918873
3	41	0.00552276
3	42	0.00823653
3	43	0.00518949
3	44	0.00804609
3	45	0.00614169
3	46	0.00728433
3	47	0.00590364
3	48	0.00647496
3	49	0.00547515
3	4a	4.761e-05
3	4c	0.00033327
3	4e	9.522e-05
3	4f	9.522e-05
3	4n	4.761e-05
3	4p	4.761e-05
3	4x	9.522e-05
3	5+	0.00014283
3	5-	0.00147591
3	5.	4.761e-05
3	5/	4.761e-05
3	50	0.0122358
3	51	0.00547515
3	52	0.00790326
3	53	0.00733194
3	54	0.00871263
3	55	0.0061893
3	56	0.0061893
3	57	0.00433251
3	58	0.00485622
3	59	0.00609408
3	5b	4.761e-05
3	5c	0.00023805
3	5e	4.761e-05
3	5g	4.761e-05
3	5j	4.761e-05
3	5k	0.00071415
3	5m	4.761e-05
3	5o	9.522e-05
3	5q	9.522e-05
3	5r	4.761e-05
3	5x	4.761e-05
3	6+	4.761e-05
3	6-	4.761e-05
3	6.	4.761e-05
3	6/	4.761e-05
3	60	0.013188
3	61	0.00576081
3	62	0.00414207
3	63	0.00585603
3	64	0.00661779
3	65	0.00542754
3	66	0.00847458
3	67	0.00637974
3	68	0.00537993
3	69	0.00547515
3	6a	0.00014283
3	6c	4.761e-05
3	6d	4.761e-05
3	6e	4.761e-05
3	6f	4.761e-05
3	6l	4.761e-05
3	6p	0.00014283
3	6q	4.761e-05
3	7-	0.00033327
3	7.	4.761e-05
3	70	0.00814131
3	71	0.00552276
3	72	0.00695106
3	73	0.004761
3	74	0.00371358
3	75	0.00704628
3	76	0.00433251
3	77	0.00590364
3	78	0.00518949
3	79	0.00628452
3	7c	4.761e-05
3	7d	4.761e-05
3	7l	4.761e-05
3	7t	4.761e-05
3	7w	4.761e-05
3	7x	9.522e-05
3	8-	0.00014283
3	8.	4.761e-05
3	80	0.011236
3	81	0.00580842
3	82	0.00633213
3	83	0.00604647
3	84	0.00661779
3	85	0.00771282
3	86	0.00533232
3	87	0.0061893
3	88	0.00680823
3	89	0.00647496
3	8a	0.00019044
3	8b	9.522e-05
3	8c	4.761e-05
3	8k	9.522e-05
3	8q	4.761e-05
3	8r	9.522e-05
3	8x	4.761e-05
3	9+	4.761e-05
3	9-	4.761e-05
3	90	0.00752238
3	91	0.00552276
3	92	0.00461817
3	93	0.00504666
3	94	0.00485622
3	95	0.00833175
3	96	0.00623691
3	97	0.00623691
3	98	0.00547515
3	99	0.00752238
3	9a	0.00014283
3	9c	4.761e-05
3	9k	9.522e-05
3	9p	9.522e-05
3	9s	4.761e-05
3	9x	4.761e-05
3	:1	9.522e-05
3	:4	9.522e-05
3	:5	4.761e-05
3	:7	4.761e-05
3	<5	4.761e-05
3	=1	0.00033327
3	=2	0.00014283
3	=3	0.00014283
3	=4	9.522e-05
3	=5	0.00019044
3	=7	4.761e-05
3	=8	4.761e-05
3	=c	4.761e-05
3	=t	4.761e-05
3	>1	4.761e-05
3	>3	0.00014283
3	>4	9.522e-05
3	>6	4.761e-05
3	>a	0.00019044
3	>c	9.522e-05
3	>f	4.761e-05
3	>g	0.00014283
3	>i	0.00014283
3	>l	4.761e-05
3	>n	4.761e-05
3	>t	0.00028566
3	[2	4.761e-05
3	[4	4.761e-05
3	[[	4.761e-05
3	[a	0.0004761
3	[f	9.522e-05
3	[n	4.761e-05
3	a-	4.761e-05
3	a4	9.522e-05
3	a6	4.761e-05
3	a7	4.761e-05
3	a8	0.00014283
3	aa	4.761e-05
3	ae	9.522e-05
3	ah	4.761e-05
3	at	4.761e-05
3	au	9.522e-05
3	ay	4.761e-05
3	b-	0.00171396
3	b/	4.761e-05
3	b3	4.761e-05
3	b4	4.761e-05
3	b5	4.761e-05
3	bg	4.761e-05
3	bk	9.522e-05
3	bn	0.00014283
3	bq	4.761e-05
3	bw	9.522e-05
3	bz	9.522e-05
3	c-	4.761e-05
3	c/	4.761e-05
3	c1	4.761e-05
3	c2	4.761e-05
3	c4	9.522e-05
3	c5	0.00014283
3	c6	9.522e-05
3	c7	9.522e-05
3	c9	9.522e-05
3	cb	4.761e-05
3	cd	4.761e-05
3	cj	4.761e-05
3	cm	0.00028566
3	cn	4.761e-05
3	co	4.761e-05
3	cs	4.761e-05
3	cv	4.761e-05
3	cw	9.522e-05
3	d.	4.761e-05
3	d/	9.522e-05
3	d4	9.522e-05
3	d5	0.00019044
3	d9	4.761e-05
3	da	0.00057132
3	df	4.761e-05
3	dh	4.761e-05
3	di	4.761e-05
3	dk	4.761e-05
3	dl	4.761e-05
3	do	4.761e-05
3	ds	0.00076176
3	dt	0.00019044
3	dx	9.522e-05
3	dz	4.761e-05
3	e-	9.522e-05
3	e.	0.00019044
3	e/	4.761e-05
3	e1	4.761e-05
3	e3	4.761e-05
3	e6	9.522e-05
3	e9	4.761e-05
3	ea	0.00014283
3	ed	0.00052371
3	ee	0.00019044
3	ef	4.761e-05
3	eg	0.00014283
3	em	4.761e-05
3	en	0.00204723
3	eq	4.761e-05
3	es	4.761e-05
3	eu	9.522e-05
3	ev	9.522e-05
3	f9	9.522e-05
3	f>	4.761e-05
3	fa	9.522e-05
3	fb	4.761e-05
3	fd	4.761e-05
3	fi	0.00019044
3	fl	9.522e-05
3	fm	4.761e-05
3	fp	9.522e-05
3	fu	4.761e-05
3	g.	0.00014283
3	g/	4.761e-05
3	g1	4.761e-05
3	g2	4.761e-05
3	gi	4.761e-05
3	gj	4.761e-05
3	gp	0.00014283
3	gq	0.00014283
3	gt	0.00014283
3	gu	4.761e-05
3	h3	4.761e-05
3	h5	0.00014283
3	h6	4.761e-05
3	h7	4.761e-05
3	h9	9.522e-05
3	hb	4.761e-05
3	hd	4.761e-05
3	hf	4.761e-05
3	hg	9.522e-05
3	hh	4.761e-05
3	hl	0.00014283
3	hn	9.522e-05
3	ho	9.522e-05
3	ht	0.00066654
3	hx	4.761e-05
3	hz	0.00028566
3	i3	4.761e-05
3	i5	4.761e-05
3	ii	0.00309465
3	ik	9.522e-05
3	io	0.00014283
3	iw	4.761e-05
3	ix	0.00023805
3	j1	4.761e-05
3	ja	4.761e-05
3	jc	9.522e-05
3	jh	4.761e-05
3	jk	4.761e-05
3	jt	4.761e-05
3	k3	4.761e-05
3	k4	4.761e-05
3	kc	4.761e-05
3	kf	4.761e-05
3	kg	0.00014283
3	kh	4.761e-05
3	kk	4.761e-05
3	kn	4.761e-05
3	ko	4.761e-05
3	kq	4.761e-05
3	kv	9.522e-05
3	kx	9.522e-05
3	ky	4.761e-05
3	l.	0.00161874
3	l/	9.522e-05
3	l<	4.761e-05
3	la	4.761e-05
3	lk	4.761e-05
3	lm	4.761e-05
3	ln	4.761e-05
3	lr	0.00019044
3	lt	4.761e-05
3	lu	4.761e-05
3	lx	4.761e-05
3	m.	4.761e-05
3	m2	4.761e-05
3	m3	0.00014283
3	m5	4.761e-05
3	m6	9.522e-05
3	m8	4.761e-05
3	m9	4.761e-05
3	mb	0.00019044
3	mh	0.00019044
3	mi	0.00014283
3	mj	4.761e-05
3	mm	0.0009522
3	mp	4.761e-05
3	mv	4.761e-05
3	mw	4.761e-05
3	n.	9.522e-05
3	n/	4.761e-05
3	n2	4.761e-05
3	n5	9.522e-05
3	n<	0.00014283
3	n[	4.761e-05
3	ne	0.00061893
3	nf	4.761e-05
3	nh	0.00057132
3	nm	0.00014283
3	nq	4.761e-05
3	nw	4.761e-05
3	o.	4.761e-05
3	o1	4.761e-05
3	o4	0.00014283
3	oe	4.761e-05
3	og	4.761e-05
3	oh	9.522e-05
3	oi	4.761e-05
3	om	0.00014283
3	oo	9.522e-05
3	ou	4.761e-05
3	p.	9.522e-05
3	p/	4.761e-05
3	p6	0.00014283
3	pc	4.761e-05
3	pg	4.761e-05
3	pi	4.761e-05
3	pm	4.761e-05
3	pp	0.00014283
3	ps	9.522e-05
3	pt	9.522e-05
3	q-	4.761e-05
3	q3	4.761e-05
3	q7	4.761e-05
3	r-	4.761e-05
3	r.	4.761e-05
3	r/	9.522e-05
3	r0	9.522e-05
3	r1	4.761e-05
3	r4	4.761e-05
3	r7	4.761e-05
3	rc	4.761e-05
3	rd	0.00042849
3	ro	0.00014283
3	rs	4.761e-05
3	rx	4.761e-05
3	rz	4.761e-05
3	s-	4.761e-05
3	s.	0.00028566
3	s/	4.761e-05
3	s1	4.761e-05
3	s4	4.761e-05
3	s6	4.761e-05
3	s>	4.761e-05
3	sd	4.761e-05
3	sl	4.761e-05
3	sr	0.00019044
3	t.	9.522e-05
3	th	0.00109503
3	tm	9.522e-05
3	tp	4.761e-05
3	tu	4.761e-05
3	tv	4.761e-05
3	tw	4.761e-05
3	ty	0.00038088
3	tz	0.00019044
3	u-	4.761e-05
3	u/	4.761e-05
3	u2	4.761e-05
3	uk	4.761e-05
3	up	9.522e-05
3	ur	0.00019044
3	uu	9.522e-05
3	ux	4.761e-05
3	v3	4.761e-05
3	v4	4.761e-05
3	v5	4.761e-05
3	v8	4.761e-05
3	v9	4.761e-05
3	vb	4.761e-05
3	vd	4.761e-05
3	ve	0.00028566
3	vi	0.00057132
3	vn	4.761e-05
3	vo	9.522e-05
3	vp	4.761e-05
3	vr	4.761e-05
3	w1	4.761e-05
3	w4	4.761e-05
3	we	4.761e-05
3	wk	4.761e-05
3	wo	0.00023805
3	ws	4.761e-05
3	x.	4.761e-05
3	x4	4.761e-05
3	x8	4.761e-05
3	xg	4.761e-05
3	xh	4.761e-05
3	xk	4.761e-05
3	xo	9.522e-05
3	xq	4.761e-05
3	xt	4.761e-05
3	xy	4.761e-05
3	y.	9.522e-05
3	y3	9.522e-05
3	y[	4.761e-05
3	ya	4.761e-05
3	yi	0.00014283
3	yr	4.761e-05
3	ze	4.761e-05
3	zh	4.761e-05
3	zk	4.761e-05
3	zn	9.522e-05
3	zz	4.761e-05
6	.p	0.00101317
6	2p	0.00101317
6	4w	0.00101317
6	52	0.00101317
6	62	0.00101317
6	66	0.00101317
6	7b	0.00101317
6	9v	0.00101317
6	a.	0.0121581
6	ae	0.0536981
6	as	0.0131712
6	ba	0.00303951
6	be	0.00405269
6	c1	0.00101317
6	ca	0.0202634
6	ci	0.00101317
6	de	0.00202634
6	e.	0.00101317
6	ea	0.00202634
6	ei	0.0222898
6	er	0.0070922
6	es	0.0324215
6	fb	0.00101317
6	fl	0.00101317
6	h.	0.0070922
6	h1	0.00202634
6	h2	0.00101317
6	ha	0.00202634
6	hf	0.00506586
6	ia	0.0374873
6	ii	0.0425532
6	in	0.0101317
6	is	0.0628166
6	ix	0.0121581
6	k.	0.00202634
6	ki	0.00101317
6	l2	0.00101317
6	la	0.0283688
6	le	0.00101317
6	lq	0.00101317
6	ma	0.0070922
6	mt	0.00101317
6	n5	0.00101317
6	na	0.0182371
6	ng	0.00202634
6	ns	0.0344478
6	o.	0.00101317
6	os	0.00607903
6	p.	0.00810537
6	pi	0.00101317
6	r.	0.00101317
6	r1	0.00101317
6	ra	0.0162107
6	ri	0.0111449
6	ro	0.00405269
6	s.	0.00202634
6	s3	0.00303951
6	s6	0.00101317
6	sa	0.0121581
6	se	0.00101317
6	si	0.00101317
6	ta	0.0273556
6	ti	0.00303951
6	tu	0.00202634
6	um	0.14691
6	us	0.279635
6	va	0.00303951
6	yi	0.00101317
6	za	0.00101317
8	&h	1.61637e-05
8	'-	0.000145473
8	's	1.61637e-05
8	++	1.61637e-05
8	+-	1.61637e-05
8	+/	3.23274e-05
8	+0	1.61637e-05
8	+6	1.61637e-05
8	+8	1.61637e-05
8	+b	1.61637e-05
8	+c	1.61637e-05
8	+i	1.61637e-05
8	+k	1.61637e-05
8	+m	3.23274e-05
8	+s	1.61637e-05
8	+t	1.61637e-05
8	,2	1.61637e-05
8	,3	0.000177801
8	,4	4.84911e-05
8	,5	3.23274e-05
8	,6	4.84911e-05
8	,7	3.23274e-05
8	-+	1.61637e-05
8	-0	0.000161637
8	-1	0.0014709
8	-2	0.000468747
8	-3	3.23274e-05
8	-4	0.000161637
8	-5	0.000161637
8	-6	0.000404093
8	-7	6.46548e-05
8	-9	9.69822e-05
8	->	8.08185e-05
8	-[	0.000258619
8	-a	0.000905168
8	-b	0.00012931
8	-c	0.000355602
8	-d	0.000598057
8	-e	0.000210128
8	-f	0.000371765
8	-g	0.000921331
8	-h	0.000840513
8	-i	0.000210128
8	-j	1.61637e-05
8	-l	1.61637e-05
8	-n	0.000290947
8	-o	0.000177801
8	-p	3.23274e-05
8	-s	0.00108297
8	-t	0.00074353
8	-u	0.000145473
8	-v	0.000193964
8	-w	1.61637e-05
8	-z	8.08185e-05
8	.-	3.23274e-05
8	.1	3.23274e-05
8	.a	6.46548e-05
8	.b	3.23274e-05
8	.c	1.61637e-05
8	.g	3.23274e-05
8	.s	1.61637e-05
8	.t	1.61637e-05
8	/+	0.00056573
8	/-	0.00560881
8	/0	8.08185e-05
8	/4	3.23274e-05
8	/7	8.08185e-05
8	/8	1.61637e-05
8	/9	4.84911e-05
8	/h	3.23274e-05
8	/j	0.000113146
8	/l	1.61637e-05
8	/n	4.84911e-05
8	/o	1.61637e-05
8	/p	3.23274e-05
8	/t	1.61637e-05
8	/w	1.61637e-05
8	/y	1.61637e-05
8	0+	0.000274783
8	0-	9.69822e-05
8	0.	4.84911e-05
8	0/	1.61637e-05
8	06	1.61637e-05
8	08	3.23274e-05
8	0a	8.08185e-05
8	0c	4.84911e-05
8	0e	3.23274e-05
8	0f	4.84911e-05
8	0l	0.000113146
8	0m	1.61637e-05
8	0p	3.23274e-05
8	0s	4.84911e-05
8	0t	4.84911e-05
8	0w	1.61637e-05
8	0x	1.61637e-05
8	1+	0.000581893
8	1-	0.000711203
8	1.	0.00012931
8	1/	3.23274e-05
8	10	0.000161637
8	13	4.84911e-05
8	14	0.000210128
8	18	0.000177801
8	1a	1.61637e-05
8	1d	0.00012931
8	1e	1.61637e-05
8	1f	4.84911e-05
8	1g	8.08185e-05
8	1h	6.46548e-05
8	1j	1.61637e-05
8	1m	3.23274e-05
8	1p	4.84911e-05
8	1r	0.000161637
8	1s	1.61637e-05
8	1t	1.61637e-05
8	1u	1.61637e-05
8	1v	3.23274e-05
8	1w	1.61637e-05
8	1x	6.46548e-05
8	1y	1.61637e-05
8	2+	0.000501075
8	2-	6.46548e-05
8	2.	0.000145473
8	26	8.08185e-05
8	28	0.000404093
8	29	0.00012931
8	2c	1.61637e-05
8	2f	6.46548e-05
8	2g	4.84911e-05
8	2h	1.61637e-05
8	2j	3.23274e-05
8	2m	8.08185e-05
8	2n	1.61637e-05
8	2o	4.84911e-05
8	2s	6.46548e-05
8	2t	1.61637e-05
8	2u	1.61637e-05
8	2v	1.61637e-05
8	2w	1.61637e-05
8	3'	1.61637e-05
8	3+	0.000517239
8	3-	0.000662712
8	3.	0.00012931
8	30	3.23274e-05
8	31	1.61637e-05
8	33	1.61637e-05
8	36	1.61637e-05
8	38	4.84911e-05
8	3c	0.000145473
8	3e	3.23274e-05
8	3g	1.61637e-05
8	3h	1.61637e-05
8	3i	3.23274e-05
8	3j	4.84911e-05
8	3k	0.00012931
8	3m	3.23274e-05
8	3n	1.61637e-05
8	3q	4.84911e-05
8	3r	1.61637e-05
8	3t	1.61637e-05
8	4+	0.000452584
8	4-	0.00043642
8	4.	1.61637e-05
8	43	1.61637e-05
8	45	0.000193964
8	46	3.23274e-05
8	4[	1.61637e-05
8	4c	9.69822e-05
8	4d	8.08185e-05
8	4e	1.61637e-05
8	4f	1.61637e-05
8	4g	1.61637e-05
8	4p	0.000113146
8	4q	4.84911e-05
8	4s	3.23274e-05
8	4t	6.46548e-05
8	4w	1.61637e-05
8	5'	1.61637e-05
8	5+	0.000145473
8	5-	0.000193964
8	5.	6.46548e-05
8	50	1.61637e-05
8	54	1.61637e-05
8	55	0.000161637
8	5a	6.46548e-05
8	5f	4.84911e-05
8	5g	8.08185e-05
8	5h	1.61637e-05
8	5l	1.61637e-05
8	5n	6.46548e-05
8	5t	4.84911e-05
8	5v	3.23274e-05
8	5w	4.84911e-05
8	6+	0.000387929
8	6-	0.00012931
8	6.	3.23274e-05
8	61	1.61637e-05
8	64	1.61637e-05
8	65	6.46548e-05
8	66	1.61637e-05
8	6b	1.61637e-05
8	6c	1.61637e-05
8	6d	1.61637e-05
8	6g	0.000113146
8	6h	1.61637e-05
8	6m	1.61637e-05
8	6p	1.61637e-05
8	6s	6.46548e-05
8	6t	3.23274e-05
8	6v	1.61637e-05
8	7+	0.000290947
8	7-	0.000420256
8	7.	4.84911e-05
8	70	8.08185e-05
8	73	1.61637e-05
8	74	1.61637e-05
8	7a	1.61637e-05
8	7b	1.61637e-05
8	7c	1.61637e-05
8	7f	1.61637e-05
8	7g	1.61637e-05
8	7h	1.61637e-05
8	7k	1.61637e-05
8	7l	1.61637e-05
8	7n	6.46548e-05
8	7s	1.61637e-05
8	7t	4.84911e-05
8	7v	1.61637e-05
8	7x	1.61637e-05
8	8+	0.000468747
8	8-	0.000581893
8	8.	4.84911e-05
8	82	1.61637e-05
8	87	8.08185e-05
8	8a	0.000177801
8	8c	8.08185e-05
8	8e	1.61637e-05
8	8f	1.61637e-05
8	8i	1.61637e-05
8	8k	3.23274e-05
8	8n	1.61637e-05
8	8r	3.23274e-05
8	8t	1.61637e-05
8	8x	4.84911e-05
8	8y	1.61637e-05
8	9+	3.23274e-05
8	9-	8.08185e-05
8	9.	1.61637e-05
8	90	4.84911e-05
8	92	1.61637e-05
8	95	1.61637e-05
8	96	1.61637e-05
8	9a	0.00012931
8	9d	3.23274e-05
8	9g	3.23274e-05
8	9i	1.61637e-05
8	9m	3.23274e-05
8	9n	1.61637e-05
8	9p	1.61637e-05
8	9t	3.23274e-05
8	9v	3.23274e-05
8	9w	1.61637e-05
8	:0	3.23274e-05
8	:1	0.000113146
8	:2	4.84911e-05
8	:3	3.23274e-05
8	:4	1.61637e-05
8	:5	3.23274e-05
8	:8	1.61637e-05
8	:9	1.61637e-05
8	<5	1.61637e-05
8	=3	3.23274e-05
8	=7	1.61637e-05
8	>1	4.84911e-05
8	>2	1.61637e-05
8	>3	6.46548e-05
8	>4	3.23274e-05
8	>5	3.23274e-05
8	>6	8.08185e-05
8	>a	0.000113146
8	>c	3.23274e-05
8	>e	1.61637e-05
8	>g	0.000210128
8	>o	1.61637e-05
8	>r	1.61637e-05
8	>s	1.61637e-05
8	>t	0.000210128
8	>u	1.61637e-05
8	[2	3.23274e-05
8	[4	4.84911e-05
8	[a	0.00012931
8	[g	6.46548e-05
8	[o	1.61637e-05
8	a+	0.000646548
8	a-	0.000969822
8	a.	0.000145473
8	a3	9.69822e-05
8	a4	9.69822e-05
8	a6	1.61637e-05
8	a7	6.46548e-05
8	a8	3.23274e-05
8	a9	3.23274e-05
8	aa	6.46548e-05
8	ab	9.69822e-05
8	ac	0.00087284
8	ad	0.00074353
8	ae	1.61637e-05
8	ag	0.000145473
8	ah	0.000161637
8	aj	1.61637e-05
8	al	0.0515461
8	am	0.000420256
8	an	0.00394394
8	ao	1.61637e-05
8	ap	0.000161637
8	aq	3.23274e-05
8	ar	0.013723
8	as	0.000646548
8	at	0.000953659
8	au	3.23274e-05
8	aw	0.000113146
8	ay	0.00161637
8	b+	0.00012931
8	b-	0.000678876
8	b/	1.61637e-05
8	b1	1.61637e-05
8	b3	0.00012931
8	b4	0.000113146
8	b5	6.46548e-05
8	b7	9.69822e-05
8	b8	1.61637e-05
8	ba	1.61637e-05
8	bc	0.00012931
8	be	3.23274e-05
8	bi	9.69822e-05
8	bj	1.61637e-05
8	bk	1.61637e-05
8	bn	6.46548e-05
8	bp	0.00399244
8	bq	1.61637e-05
8	br	1.61637e-05
8	bs	0.000113146
8	bt	4.84911e-05
8	bv	0.000177801
8	bx	0.000113146
8	by	0.000113146
8	bz	1.61637e-05
8	c+	0.000113146
8	c-	0.000484911
8	c/	4.84911e-05
8	c1	1.61637e-05
8	c4	0.000210128
8	c5	3.23274e-05
8	c6	6.46548e-05
8	c7	8.08185e-05
8	c8	1.61637e-05
8	c9	8.08185e-05
8	ca	0.000177801
8	cb	0.000226292
8	ce	0.00114762
8	cg	1.61637e-05
8	ch	0.00594824
8	ci	1.61637e-05
8	cj	1.61637e-05
8	ck	0.000969822
8	cm	0.000355602
8	cn	3.23274e-05
8	co	4.84911e-05
8	ct	0.00205279
8	cu	1.61637e-05
8	cv	1.61637e-05
8	cw	1.61637e-05
8	cx	4.84911e-05
8	cy	0.00043642
8	cz	1.61637e-05
8	d+	0.000242456
8	d-	0.000662712
8	d.	3.23274e-05
8	d/	3.23274e-05
8	d3	0.000161637
8	d4	0.000581893
8	d5	6.46548e-05
8	d8	6.46548e-05
8	da	0.00444502
8	db	8.08185e-05
8	dc	0.000549566
8	dd	1.61637e-05
8	de	0.00486528
8	dg	8.08185e-05
8	dh	0.000193964
8	di	1.61637e-05
8	dk	0.000161637
8	dl	3.23274e-05
8	dm	1.61637e-05
8	do	0.000549566
8	dp	1.61637e-05
8	dr	8.08185e-05
8	ds	0.000177801
8	dt	0.000145473
8	dv	8.08185e-05
8	dx	6.46548e-05
8	dy	0.000533402
8	dz	3.23274e-05
8	e+	4.84911e-05
8	e-	0.00223059
8	e.	0.000517239
8	e/	3.23274e-05
8	e1	1.61637e-05
8	e4	3.23274e-05
8	e5	4.84911e-05
8	e6	9.69822e-05
8	e7	3.23274e-05
8	e9	3.23274e-05
8	ea	3.23274e-05
8	ec	3.23274e-05
8	ed	0.283915
8	ee	0.00399244
8	ef	0.000355602
8	eg	0.000145473
8	ek	0.000727367
8	el	0.00193964
8	em	4.84911e-05
8	en	0.00586743
8	eo	3.23274e-05
8	ep	0.000404093
8	eq	3.23274e-05
8	er	0.00633617
8	es	0.000533402
8	et	0.00197197
8	ev	0.000177801
8	ew	3.23274e-05
8	ex	0.000371765
8	ey	0.000355602
8	f+	3.23274e-05
8	f-	8.08185e-05
8	f2	1.61637e-05
8	f4	1.61637e-05
8	f9	3.23274e-05
8	fa	0.00012931
8	fb	4.84911e-05
8	fc	0.000161637
8	fd	3.23274e-05
8	fe	0.000242456
8	ff	0.00056573
8	fg	9.69822e-05
8	fh	1.61637e-05
8	fi	1.61637e-05
8	fj	1.61637e-05
8	fl	4.84911e-05
8	fm	0.000113146
8	fo	1.61637e-05
8	fp	0.00012931
8	ft	0.000695039
8	fv	1.61637e-05
8	fw	1.61637e-05
8	fx	3.23274e-05
8	fy	8.08185e-05
8	g+	4.84911e-05
8	g-	0.00012931
8	g.	6.46548e-05
8	g/	6.46548e-05
8	g1	0.000274783
8	g2	0.00012931
8	g4	3.23274e-05
8	g9	1.61637e-05
8	gb	3.23274e-05
8	gc	0.000177801
8	gd	4.84911e-05
8	ge	0.00336205
8	gf	1.61637e-05
8	gh	0.000501075
8	gi	3.23274e-05
8	gn	0.00012931
8	go	0.000614221
8	gp	0.000161637
8	gq	3.23274e-05
8	gs	6.46548e-05
8	gt	4.84911e-05
8	gu	1.61637e-05
8	gw	3.23274e-05
8	gy	0.000371765
8	h+	0.000274783
8	h-	0.000290947
8	h.	4.84911e-05
8	h1	1.61637e-05
8	h2	0.000113146
8	h3	1.61637e-05
8	h5	3.23274e-05
8	h6	3.23274e-05
8	h8	3.23274e-05
8	h9	3.23274e-05
8	ha	0.000452584
8	hb	0.00012931
8	hc	0.000630385
8	hd	4.84911e-05
8	he	6.46548e-05
8	hf	0.00012931
8	hg	0.000193964
8	hh	4.84911e-05
8	hi	1.61637e-05
8	hk	3.23274e-05
8	hl	3.23274e-05
8	hn	4.84911e-05
8	ho	1.61637e-05
8	hq	3.23274e-05
8	hr	0.000824349
8	hs	1.61637e-05
8	ht	0.00134159
8	hu	6.46548e-05
8	hx	1.61637e-05
8	hy	4.84911e-05
8	hz	0.000242456
8	i+	4.84911e-05
8	i-	0.000177801
8	i.	1.61637e-05
8	i0	1.61637e-05
8	i1	1.61637e-05
8	i3	4.84911e-05
8	ia	0.00030711
8	ic	0.0906784
8	id	0.00680492
8	if	0.000193964
8	ig	9.69822e-05
8	ih	1.61637e-05
8	ii	3.23274e-05
8	ij	3.23274e-05
8	ik	4.84911e-05
8	il	0.000226292
8	im	3.23274e-05
8	in	0.0069019
8	io	3.23274e-05
8	ip	6.46548e-05
8	iq	3.23274e-05
8	ir	0.00119611
8	is	0.000581893
8	it	0.0011153
8	iv	1.61637e-05
8	iw	1.61637e-05
8	ix	0.00132542
8	iz	3.23274e-05
8	jb	1.61637e-05
8	jc	1.61637e-05
8	jd	1.61637e-05
8	je	3.23274e-05
8	jh	3.23274e-05
8	ji	3.23274e-05
8	jm	1.61637e-05
8	ju	1.61637e-05
8	jx	1.61637e-05
8	k+	0.000161637
8	k-	8.08185e-05
8	k.	8.08185e-05
8	k2	3.23274e-05
8	k3	6.46548e-05
8	k5	8.08185e-05
8	k6	6.46548e-05
8	k7	1.61637e-05
8	k8	1.61637e-05
8	k9	1.61637e-05
8	ka	1.61637e-05
8	kb	0.00176184
8	kc	0.000161637
8	kd	0.00185883
8	ke	0.02271
8	kg	0.000161637
8	kh	6.46548e-05
8	ki	1.61637e-05
8	kk	3.23274e-05
8	kl	1.61637e-05
8	km	0.000210128
8	kn	1.61637e-05
8	ko	1.61637e-05
8	ks	1.61637e-05
8	kt	1.61637e-05
8	ku	3.23274e-05
8	kx	1.61637e-05
8	ky	0.000161637
8	l+	0.000226292
8	l-	0.00113146
8	l.	4.84911e-05
8	l/	3.23274e-05
8	l0	1.61637e-05
8	l6	6.46548e-05
8	l7	1.61637e-05
8	lb	0.000113146
8	ld	0.010668
8	le	0.0215301
8	lf	0.000161637
8	lg	1.61637e-05
8	lh	0.000339438
8	li	0.000145473
8	lj	1.61637e-05
8	lk	3.23274e-05
8	ll	0.00481678
8	lm	1.61637e-05
8	lo	0.000242456
8	lp	3.23274e-05
8	lr	0.000145473
8	lt	0.00074353
8	lv	1.61637e-05
8	lw	1.61637e-05
8	lx	1.61637e-05
8	ly	0.00320041
8	lz	1.61637e-05
8	m+	9.69822e-05
8	m-	0.000339438
8	m/	3.23274e-05
8	m1	1.61637e-05
8	m3	4.84911e-05
8	m4	1.61637e-05
8	m5	1.61637e-05
8	m6	1.61637e-05
8	m8	1.61637e-05
8	m9	3.23274e-05
8	ma	0.000113146
8	mb	0.000226292
8	mc	9.69822e-05
8	md	8.08185e-05
8	me	0.00281248
8	mg	0.000355602
8	mh	1.61637e-05
8	mi	4.84911e-05
8	ml	3.23274e-05
8	mm	0.000339438
8	mo	1.61637e-05
8	mp	1.61637e-05
8	ms	4.84911e-05
8	mt	8.08185e-05
8	mu	6.46548e-05
8	mv	0.000113146
8	mw	1.61637e-05
8	mx	1.61637e-05
8	my	3.23274e-05
8	mz	3.23274e-05
8	n+	4.84911e-05
8	n-	0.00122844
8	n.	0.000355602
8	n/	1.61637e-05
8	n1	1.61637e-05
8	n2	0.000161637
8	n4	3.23274e-05
8	n7	3.23274e-05
8	n8	1.61637e-05
8	n9	4.84911e-05
8	na	0.00294179
8	nb	4.84911e-05
8	nd	0.00551182
8	ne	0.00804953
8	nf	0.000210128
8	ng	0.0883508
8	nh	4.84911e-05
8	ni	6.46548e-05
8	nj	1.61637e-05
8	nk	0.000242456
8	nl	1.61637e-05
8	nm	0.00012931
8	nn	9.69822e-05
8	no	0.00391162
8	np	4.84911e-05
8	nq	1.61637e-05
8	nr	0.000193964
8	ns	0.000856676
8	nt	0.0682432
8	nu	3.23274e-05
8	nx	1.61637e-05
8	ny	0.000226292
8	nz	3.23274e-05
8	o+	0.00012931
8	o-	0.0012931
8	o.	1.61637e-05
8	o/	4.84911e-05
8	o1	0.000113146
8	o2	1.61637e-05
8	o4	1.61637e-05
8	oa	1.61637e-05
8	ob	4.84911e-05
8	oc	1.61637e-05
8	od	0.000969822
8	oe	0.000177801
8	of	3.23274e-05
8	og	9.69822e-05
8	oh	1.61637e-05
8	oi	4.84911e-05
8	ok	3.23274e-05
8	ol	0.00105064
8	om	0.000695039
8	on	0.00577044
8	oo	4.84911e-05
8	op	4.84911e-05
8	oq	6.46548e-05
8	or	0.00559264
8	os	0.000274783
8	ot	0.000969822
8	ou	0.00012931
8	ov	1.61637e-05
8	ow	0.00087284
8	ox	0.000210128
8	p+	6.46548e-05
8	p-	0.00012931
8	p.	1.61637e-05
8	p4	1.61637e-05
8	p5	3.23274e-05
8	p6	1.61637e-05
8	pa	9.69822e-05
8	pb	1.61637e-05
8	pc	3.23274e-05
8	pd	1.61637e-05
8	pe	0.0060129
8	pg	0.000258619
8	ph	0.000113146
8	pi	4.84911e-05
8	pk	9.69822e-05
8	pm	0.000177801
8	po	1.61637e-05
8	pp	0.000274783
8	ps	0.000371765
8	pt	0.000113146
8	pu	4.84911e-05
8	pv	3.23274e-05
8	pw	3.23274e-05
8	py	0.000339438
8	pz	1.61637e-05
8	q-	4.84911e-05
8	q1	3.23274e-05
8	q3	3.23274e-05
8	q4	1.61637e-05
8	qa	1.61637e-05
8	ql	1.61637e-05
8	qt	4.84911e-05
8	qy	1.61637e-05
8	r+	0.000549566
8	r-	0.000953659
8	r.	9.69822e-05
8	r/	1.61637e-05
8	r0	1.61637e-05
8	r1	0.000113146
8	r3	9.69822e-05
8	r4	1.61637e-05
8	r6	1.61637e-05
8	r7	3.23274e-05
8	r9	6.46548e-05
8	ra	0.00043642
8	rb	3.23274e-05
8	rc	1.61637e-05
8	rd	0.000678876
8	re	0.00229525
8	rf	1.61637e-05
8	rg	0.000290947
8	rh	0.000242456
8	ri	1.61637e-05
8	rk	0.000371765
8	rm	0.00139008
8	rn	0.00114762
8	ro	4.84911e-05
8	rp	0.000145473
8	rq	1.61637e-05
8	rr	3.23274e-05
8	rs	8.08185e-05
8	rt	0.00116379
8	rv	8.08185e-05
8	rw	1.61637e-05
8	rx	4.84911e-05
8	ry	0.00861526
8	rz	1.61637e-05
8	s+	0.000193964
8	s-	0.000824349
8	s.	0.000533402
8	s/	9.69822e-05
8	s0	1.61637e-05
8	s4	1.61637e-05
8	s5	1.61637e-05
8	s6	3.23274e-05
8	s7	1.61637e-05
8	s8	4.84911e-05
8	sb	8.08185e-05
8	sc	6.46548e-05
8	se	0.0105387
8	sf	0.000113146
8	sg	0.000113146
8	sh	0.000549566
8	si	1.61637e-05
8	sk	0.000323274
8	sl	6.46548e-05
8	sn	1.61637e-05
8	so	1.61637e-05
8	sp	0.000161637
8	sq	4.84911e-05
8	sr	0.000161637
8	ss	0.00213361
8	st	0.00434804
8	sv	3.23274e-05
8	sx	8.08185e-05
8	sy	3.23274e-05
8	t+	3.23274e-05
8	t-	0.000775858
8	t.	0.00012931
8	t/	3.23274e-05
8	t1	4.84911e-05
8	t2	0.000193964
8	t3	0.00012931
8	t7	1.61637e-05
8	t9	4.84911e-05
8	ta	0.000161637
8	tb	9.69822e-05
8	te	0.0110398
8	tf	3.23274e-05
8	tg	4.84911e-05
8	th	0.00273167
8	ti	0.000274783
8	tk	6.46548e-05
8	tm	0.000145473
8	tn	1.61637e-05
8	to	0.000290947
8	tq	3.23274e-05
8	ts	8.08185e-05
8	tt	1.61637e-05
8	tu	4.84911e-05
8	tv	1.61637e-05
8	tw	1.61637e-05
8	ty	0.00132542
8	tz	0.000113146
8	u-	0.000290947
8	u1	8.08185e-05
8	u2	1.61637e-05
8	u4	1.61637e-05
8	u9	1.61637e-05
8	ue	0.0027155
8	ug	0.000242456
8	uh	6.46548e-05
8	uk	1.61637e-05
8	ul	0.000549566
8	um	0.00101831
8	un	0.000145473
8	up	0.00012931
8	ur	0.000953659
8	us	0.00889004
8	ut	0.000985986
8	uu	1.61637e-05
8	uv	6.46548e-05
8	uw	1.61637e-05
8	v+	9.69822e-05
8	v-	0.000161637
8	v3	9.69822e-05
8	v4	6.46548e-05
8	v5	3.23274e-05
8	v6	3.23274e-05
8	va	1.61637e-05
8	ve	0.0474728
8	vf	0.000113146
8	vg	4.84911e-05
8	vh	9.69822e-05
8	vi	9.69822e-05
8	vl	6.46548e-05
8	vm	3.23274e-05
8	vn	1.61637e-05
8	vo	6.46548e-05
8	vp	8.08185e-05
8	vr	0.000113146
8	vt	6.46548e-05
8	vv	4.84911e-05
8	vw	1.61637e-05
8	vy	6.46548e-05
8	vz	1.61637e-05
8	w-	6.46548e-05
8	w3	1.61637e-05
8	w4	1.61637e-05
8	w6	1.61637e-05
8	wb	1.61637e-05
8	wf	3.23274e-05
8	wi	1.61637e-05
8	wk	0.000371765
8	wl	3.23274e-05
8	wn	0.00105064
8	wo	1.61637e-05
8	ws	4.84911e-05
8	wt	3.23274e-05
8	ww	1.61637e-05
8	x+	1.61637e-05
8	x-	1.61637e-05
8	x.	1.61637e-05
8	x/	1.61637e-05
8	x1	0.000113146
8	x3	3.23274e-05
8	x6	1.61637e-05
8	x7	4.84911e-05
8	x8	1.61637e-05
8	xa	4.84911e-05
8	xc	1.61637e-05
8	xe	3.23274e-05
8	xg	3.23274e-05
8	xh	8.08185e-05
8	xk	3.23274e-05
8	xl	6.46548e-05
8	xo	3.23274e-05
8	xp	0.00012931
8	xq	3.23274e-05
8	xr	0.000193964
8	xt	8.08185e-05
8	xv	4.84911e-05
8	xy	0.000468747
8	xz	3.23274e-05
8	y+	1.61637e-05
8	y-	0.000598057
8	y.	8.08185e-05
8	y4	4.84911e-05
8	y6	1.61637e-05
8	yb	1.61637e-05
8	yc	9.69822e-05
8	ye	3.23274e-05
8	yf	1.61637e-05
8	yg	1.61637e-05
8	yl	0.00515622
8	yo	3.23274e-05
8	yp	1.61637e-05
8	yr	0.000678876
8	ys	0.000420256
8	yy	1.61637e-05
8	z+	1.61637e-05
8	z1	1.61637e-05
8	z2	1.61637e-05
8	zd	1.61637e-05
8	ze	0.000242456
8	zi	1.61637e-05
8	zl	1.61637e-05
8	zo	0.000145473
8	zv	3.23274e-05
8	zy	8.08185e-05
8	zz	3.23274e-05
9	6.	0.0322581
9	7.	0.0322581
9	:1	0.0322581
9	er	0.903226
10	1.	0.0526316
10	6.	0.0526316
10	st	0.894737
13	&2	9.19304e-06
13	&6	9.19304e-06
13	&c	1.83861e-05
13	&d	1.83861e-05
13	&e	2.75791e-05
13	&l	2.75791e-05
13	&p	4.59652e-05
13	'-	0.000128702
13	'4	1.83861e-05
13	'5	9.19304e-06
13	'd	9.19304e-06
13	'k	9.19304e-06
13	'm	9.19304e-06
13	's	1.83861e-05
13	*a	1.83861e-05
13	++	0.000147089
13	+-	3.67721e-05
13	+.	9.19304e-06
13	+/	1.83861e-05
13	+0	9.19304e-06
13	+1	1.83861e-05
13	+2	0.000137896
13	+3	2.75791e-05
13	+4	2.75791e-05
13	+5	1.83861e-05
13	+6	1.83861e-05
13	+7	5.51582e-05
13	+a	9.19304e-06
13	+b	2.75791e-05
13	+c	3.67721e-05
13	+f	1.83861e-05
13	+g	1.83861e-05
13	+h	9.19304e-06
13	+i	0.000101123
13	+k	9.19304e-06
13	+l	2.75791e-05
13	+m	2.75791e-05
13	+o	9.19304e-05
13	+p	5.51582e-05
13	+s	2.75791e-05
13	+t	6.43512e-05
13	+x	2.75791e-05
13	+z	9.19304e-06
13	,1	4.59652e-05
13	,2	0.000349335
13	,3	0.000193054
13	,4	0.000220633
13	,5	0.000174668
13	,6	0.000156282
13	,7	3.67721e-05
13	,8	5.51582e-05
13	,9	9.19304e-06
13	,x	2.75791e-05
13	--	3.67721e-05
13	-0	0.000183861
13	-1	0.0158764
13	-2	0.00886209
13	-3	0.00526761
13	-4	0.00253728
13	-5	0.00166394
13	-6	0.00107559
13	-7	0.00104801
13	-8	0.000799794
13	-9	0.00103881
13	->	0.000156282
13	-[	0.000119509
13	-a	0.00241777
13	-b	0.00195812
13	-c	0.0013238
13	-d	0.000698671
13	-e	0.000312563
13	-f	0.000330949
13	-g	0.000294177
13	-h	0.000321756
13	-i	0.00200408
13	-j	0.000147089
13	-k	0.000312563
13	-l	0.000450459
13	-m	0.000625126
13	-n	0.000579161
13	-o	0.000147089
13	-p	0.000965269
13	-q	0.000128702
13	-r	0.00122267
13	-s	0.000275791
13	-t	0.000524003
13	-u	9.19304e-05
13	-v	0.000266598
13	-w	0.000137896
13	-x	0.000441266
13	-y	0.000156282
13	-z	8.27373e-05
13	.-	5.51582e-05
13	.0	0.000284984
13	.1	0.00183861
13	.2	0.000707864
13	.3	0.000671092
13	.4	0.000413687
13	.5	0.000652705
13	.6	2.75791e-05
13	.7	0.000478038
13	.8	0.000202247
13	.9	9.19304e-06
13	.a	8.27373e-05
13	.c	2.75791e-05
13	.d	4.59652e-05
13	.f	9.19304e-06
13	.g	8.27373e-05
13	.h	3.67721e-05
13	.i	4.59652e-05
13	.l	9.19304e-06
13	.m	9.19304e-06
13	.n	9.19304e-06
13	.p	1.83861e-05
13	.r	9.19304e-06
13	.s	3.67721e-05
13	.t	8.27373e-05
13	.u	1.83861e-05
13	.x	7.35443e-05
13	.y	3.67721e-05
13	/+	0.000413687
13	/-	8.27373e-05
13	/0	0.000110316
13	/1	0.000294177
13	/2	0.000965269
13	/3	0.000413687
13	/4	0.000137896
13	/5	0.000294177
13	/6	0.000330949
13	/7	0.000193054
13	/8	0.000165475
13	/9	0.000128702
13	/=	9.19304e-06
13	/a	0.000349335
13	/b	0.000358528
13	/c	0.000321756
13	/d	0.000266598
13	/e	0.000156282
13	/f	0.000284984
13	/g	0.000615933
13	/h	0.000560775
13	/i	0.000193054
13	/j	7.35443e-05
13	/k	0.000165475
13	/l	0.000413687
13	/m	0.000248212
13	/n	0.000119509
13	/o	7.35443e-05
13	/p	0.000156282
13	/q	5.51582e-05
13	/r	0.000349335
13	/s	0.000873338
13	/t	0.000413687
13	/u	2.75791e-05
13	/v	0.000119509
13	/w	6.43512e-05
13	/x	8.27373e-05
13	/y	4.59652e-05
13	/z	5.51582e-05
13	0+	2.75791e-05
13	0-	0.000367721
13	0.	0.000156282
13	0/	9.19304e-06
13	00	0.00291419
13	01	0.0019857
13	02	0.00111236
13	03	0.000459652
13	04	0.00112155
13	05	0.000965269
13	06	0.000634319
13	07	0.000193054
13	08	0.000275791
13	09	0.000220633
13	0a	0.000735443
13	0b	0.000248212
13	0c	0.000330949
13	0d	0.000174668
13	0e	0.000156282
13	0f	4.59652e-05
13	0g	0.000156282
13	0h	3.67721e-05
13	0i	9.19304e-05
13	0j	9.19304e-06
13	0k	0.000156282
13	0l	0.000174668
13	0m	6.43512e-05
13	0n	8.27373e-05
13	0p	0.000294177
13	0q	0.000110316
13	0r	0.000220633
13	0s	0.000505617
13	0t	0.000119509
13	0v	5.51582e-05
13	0w	9.19304e-05
13	0x	1.83861e-05
13	1'	1.83861e-05
13	1+	0.000110316
13	1-	0.000900917
13	1.	0.000183861
13	1/	1.83861e-05
13	10	0.0047528
13	11	0.00374157
13	12	0.00274872
13	13	0.00273033
13	14	0.00275791
13	15	0.00256486
13	16	0.00205005
13	17	0.00180183
13	18	0.00216036
13	19	0.00223391
13	1a	0.00264759
13	1b	0.00141573
13	1c	0.000882531
13	1d	0.000156282
13	1e	0.000239019
13	1f	0.00021144
13	1g	0.00021144
13	1h	5.51582e-05
13	1i	0.000147089
13	1j	3.67721e-05
13	1k	0.000165475
13	1l	0.000257405
13	1m	0.000137896
13	1n	0.000229826
13	1p	0.00410009
13	1q	5.51582e-05
13	1r	0.000569968
13	1s	0.000156282
13	1t	0.000193054
13	1v	7.35443e-05
13	1w	0.000110316
13	1x	6.43512e-05
13	1y	9.19304e-06
13	1z	1.83861e-05
13	2'	1.83861e-05
13	2+	0.000597547
13	2-	0.00115832
13	2.	0.000147089
13	2/	1.83861e-05
13	20	0.00199489
13	21	0.00214198
13	22	0.00200408
13	23	0.00193973
13	24	0.00135138
13	25	0.00166394
13	26	0.000533196
13	27	0.00209601
13	28	0.00146169
13	29	0.0010572
13	2=	9.19304e-06
13	2a	0.0021144
13	2b	0.000891724
13	2c	0.000505617
13	2d	0.000404494
13	2e	0.000248212
13	2f	0.000312563
13	2g	0.000119509
13	2h	0.000257405
13	2i	6.43512e-05
13	2j	3.67721e-05
13	2k	0.000101123
13	2l	0.000183861
13	2m	0.000156282
13	2n	0.000156282
13	2o	0.000128702
13	2p	0.00182022
13	2q	5.51582e-05
13	2r	0.000349335
13	2s	0.000257405
13	2t	0.000147089
13	2u	5.51582e-05
13	2v	0.000137896
13	2w	3.67721e-05
13	2x	0.000174668
13	2y	7.35443e-05
13	2z	4.59652e-05
13	3'	0.000147089
13	3+	7.35443e-05
13	3-	0.000928497
13	3.	8.27373e-05
13	3/	1.83861e-05
13	30	0.00169152
13	31	0.00103881
13	32	0.00156282
13	33	0.00113074
13	34	0.00137896
13	35	0.000992848
13	36	0.00102043
13	37	0.000845759
13	38	0.000956076
13	39	0.00102962
13	3a	0.00125945
13	3b	0.000533196
13	3c	0.000441266
13	3d	0.000321756
13	3e	0.000165475
13	3f	0.000239019
13	3g	0.000239019
13	3h	0.000496424
13	3i	9.19304e-05
13	3j	3.67721e-05
13	3k	0.000193054
13	3l	0.000330949
13	3m	3.67721e-05
13	3n	0.000128702
13	3p	0.0010572
13	3q	0.000137896
13	3r	0.000468845
13	3s	0.000496424
13	3t	0.000137896
13	3u	9.19304e-06
13	3v	0.000119509
13	3w	8.27373e-05
13	3x	7.35443e-05
13	3y	1.83861e-05
13	3z	9.19304e-06
13	4+	7.35443e-05
13	4-	0.000569968
13	4.	6.43512e-05
13	4/	9.19304e-06
13	40	0.00192134
13	41	0.00102043
13	42	0.00113994
13	43	0.00149846
13	44	0.000956076
13	45	0.00120429
13	46	0.00051481
13	47	0.000808987
13	48	0.00119509
13	49	0.00102043
13	4a	0.00137896
13	4b	0.000202247
13	4c	0.000349335
13	4d	0.000202247
13	4e	0.000110316
13	4f	0.000193054
13	4g	0.000266598
13	4h	0.000137896
13	4i	3.67721e-05
13	4j	2.75791e-05
13	4k	0.000128702
13	4l	0.000202247
13	4m	8.27373e-05
13	4n	8.27373e-05
13	4o	1.83861e-05
13	4p	0.000827373
13	4q	0.000156282
13	4r	0.000386107
13	4s	0.000367721
13	4t	0.000128702
13	4v	0.000110316
13	4w	7.35443e-05
13	4x	2.75791e-05
13	4y	4.59652e-05
13	5+	0.000119509
13	5-	0.000330949
13	5.	3.67721e-05
13	5/	9.19304e-06
13	50	0.00192134
13	51	0.00093769
13	52	0.000753829
13	53	0.0010572
13	54	0.000763022
13	55	0.000928497
13	56	0.00113074
13	57	0.0010572
13	58	0.00106639
13	59	0.000735443
13	5a	0.0013238
13	5b	0.000248212
13	5c	0.00030337
13	5d	0.000156282
13	5e	0.000202247
13	5f	0.000128702
13	5g	0.000183861
13	5h	0.000119509
13	5i	4.59652e-05
13	5j	4.59652e-05
13	5k	4.59652e-05
13	5l	0.000156282
13	5m	4.59652e-05
13	5n	0.000239019
13	5p	0.000661899
13	5q	0.000193054
13	5r	0.000349335
13	5s	0.00030337
13	5t	0.000193054
13	5u	4.59652e-05
13	5v	8.27373e-05
13	5w	6.43512e-05
13	5x	9.19304e-05
13	5y	0.000165475
13	5z	9.19304e-06
13	6-	0.000717057
13	6.	6.43512e-05
13	6/	9.19304e-06
13	60	0.000928497
13	61	0.000496424
13	62	0.000808987
13	63	0.000560775
13	64	0.000753829
13	65	0.00150766
13	66	0.000579161
13	67	0.000827373
13	68	0.000707864
13	69	0.000763022
13	6a	0.00104801
13	6b	0.000137896
13	6c	0.000312563
13	6d	8.27373e-05
13	6e	0.000202247
13	6f	5.51582e-05
13	6g	0.000165475
13	6h	2.75791e-05
13	6i	0.000101123
13	6j	1.83861e-05
13	6k	0.000128702
13	6l	7.35443e-05
13	6m	0.000101123
13	6n	0.000119509
13	6p	0.000487231
13	6q	0.000165475
13	6r	0.000202247
13	6s	0.000432073
13	6t	9.19304e-05
13	6u	1.83861e-05
13	6v	0.000193054
13	6w	5.51582e-05
13	6x	3.67721e-05
13	6y	4.59652e-05
13	7-	1.83861e-05
13	7.	9.19304e-05
13	7/	9.19304e-06
13	70	0.00136057
13	71	0.000634319
13	72	0.000321756
13	73	0.000882531
13	74	0.0015812
13	75	0.00114913
13	76	0.00104801
13	77	0.000763022
13	78	0.000836566
13	79	0.000533196
13	7a	0.000763022
13	7b	3.67721e-05
13	7c	0.000330949
13	7d	0.000147089
13	7e	0.000165475
13	7f	0.000110316
13	7g	0.000156282
13	7h	8.27373e-05
13	7i	0.000128702
13	7k	0.000193054
13	7l	0.000156282
13	7m	4.59652e-05
13	7n	0.00021144
13	7p	0.00042288
13	7q	0.000119509
13	7r	0.000229826
13	7s	0.000275791
13	7t	0.000156282
13	7v	0.000119509
13	7w	4.59652e-05
13	7x	6.43512e-05
13	7y	9.19304e-05
13	8+	9.19304e-05
13	8-	9.19304e-05
13	8.	3.67721e-05
13	80	0.000808987
13	81	0.000772215
13	82	0.000707864
13	83	0.00072625
13	84	0.000569968
13	85	0.000763022
13	86	0.000900917
13	87	0.000827373
13	88	0.000597547
13	89	0.000772215
13	8a	0.000652705
13	8b	3.67721e-05
13	8c	0.000275791
13	8d	0.000156282
13	8e	0.000101123
13	8f	0.000101123
13	8g	9.19304e-05
13	8h	0.000147089
13	8i	5.51582e-05
13	8k	0.000183861
13	8l	9.19304e-05
13	8m	1.83861e-05
13	8n	8.27373e-05
13	8o	1.83861e-05
13	8p	0.000174668
13	8q	7.35443e-05
13	8r	0.000174668
13	8s	0.000165475
13	8t	1.83861e-05
13	8u	9.19304e-06
13	8v	1.83861e-05
13	8w	4.59652e-05
13	8x	1.83861e-05
13	8y	5.51582e-05
13	9+	4.59652e-05
13	9-	0.00021144
13	9.	4.59652e-05
13	90	0.00115832
13	91	0.000845759
13	92	0.00102962
13	93	0.000974462
13	94	0.000974462
13	95	0.00108478
13	96	0.000569968
13	97	0.00109397
13	98	0.00115832
13	99	0.00106639
13	9a	0.000717057
13	9b	4.59652e-05
13	9c	0.000349335
13	9d	6.43512e-05
13	9e	0.000128702
13	9f	0.000266598
13	9g	0.000110316
13	9h	3.67721e-05
13	9i	0.000101123
13	9j	1.83861e-05
13	9k	0.000193054
13	9l	0.000349335
13	9m	0.000110316
13	9n	0.000119509
13	9p	0.000174668
13	9q	0.000165475
13	9r	0.000202247
13	9s	0.000174668
13	9t	6.43512e-05
13	9v	8.27373e-05
13	9w	0.000101123
13	9x	1.83861e-05
13	9y	0.000128702
13	9z	1.83861e-05
13	:0	0.000248212
13	:1	0.000312563
13	:2	0.000101123
13	:3	2.75791e-05
13	:4	6.43512e-05
13	:5	4.59652e-05
13	:6	5.51582e-05
13	:8	1.83861e-05
13	:9	2.75791e-05
13	<3	9.19304e-06
13	=0	2.75791e-05
13	=1	7.35443e-05
13	=2	9.19304e-06
13	=3	3.67721e-05
13	=4	9.19304e-06
13	=5	5.51582e-05
13	=6	5.51582e-05
13	=8	1.83861e-05
13	==	3.67721e-05
13	=>	9.19304e-06
13	=c	2.75791e-05
13	=e	9.19304e-06
13	=m	9.19304e-06
13	=o	2.75791e-05
13	=t	2.75791e-05
13	>1	9.19304e-06
13	>2	3.67721e-05
13	>3	0.000119509
13	>4	7.35443e-05
13	>6	0.000101123
13	>7	9.19304e-06
13	>8	9.19304e-06
13	>9	1.83861e-05
13	>a	0.00021144
13	>c	0.000137896
13	>d	9.19304e-06
13	>e	9.19304e-06
13	>f	1.83861e-05
13	>g	0.000165475
13	>h	9.19304e-06
13	>i	2.75791e-05
13	>l	2.75791e-05
13	>n	9.19304e-06
13	>o	5.51582e-05
13	>p	9.19304e-06
13	>q	1.83861e-05
13	>r	4.59652e-05
13	>s	2.75791e-05
13	>t	0.000193054
13	[2	2.75791e-05
13	[3	1.83861e-05
13	[4	3.67721e-05
13	[a	0.000147089
13	[b	9.19304e-06
13	[c	2.75791e-05
13	[d	2.75791e-05
13	[f	2.75791e-05
13	[g	5.51582e-05
13	[i	9.19304e-06
13	[p	9.19304e-06
13	[s	9.19304e-06
13	_p	1.83861e-05
13	a+	0.000312563
13	a-	0.0015904
13	a.	0.000248212
13	a/	0.000147089
13	a0	3.67721e-05
13	a1	0.00426557
13	a2	0.00320837
13	a3	0.00120429
13	a4	0.000891724
13	a5	0.000468845
13	a6	0.000321756
13	a7	0.000275791
13	a8	0.000202247
13	a9	0.000101123
13	a=	9.19304e-06
13	a[	9.19304e-06
13	aa	0.00199489
13	ab	0.00193973
13	ac	0.00413687
13	ad	0.00235342
13	ae	0.00387027
13	af	0.000772215
13	ag	0.00176506
13	ah	0.000330949
13	ai	0.000735443
13	aj	4.59652e-05
13	ak	0.00103881
13	al	0.00393462
13	am	0.00257405
13	an	0.00602144
13	ao	0.000174668
13	ap	0.00227068
13	aq	0.000193054
13	ar	0.00260163
13	as	0.0027763
13	at	0.00318079
13	au	0.000284984
13	av	0.000257405
13	aw	0.000248212
13	ax	0.00136976
13	ay	0.00200408
13	az	0.000248212
13	b+	1.83861e-05
13	b-	0.00123187
13	b.	0.000147089
13	b/	4.59652e-05
13	b1	0.0015904
13	b2	0.00102962
13	b3	0.000432073
13	b4	0.000340142
13	b5	8.27373e-05
13	b6	0.000183861
13	b7	0.000101123
13	b8	2.75791e-05
13	b9	3.67721e-05
13	ba	0.00091011
13	bb	0.000395301
13	bc	0.000882531
13	bd	0.000671092
13	be	0.000772215
13	bf	0.000413687
13	bg	0.000321756
13	bh	0.000284984
13	bi	0.000395301
13	bj	9.19304e-06
13	bk	0.000156282
13	bl	0.000358528
13	bm	0.000101123
13	bn	9.19304e-05
13	bo	0.000229826
13	bp	0.00128702
13	bq	3.67721e-05
13	br	0.000413687
13	bs	0.00021144
13	bt	0.000220633
13	bu	0.000101123
13	bv	0.00030337
13	bw	0.000128702
13	bx	0.000183861
13	by	0.000156282
13	bz	4.59652e-05
13	c+	2.75791e-05
13	c-	0.000367721
13	c.	0.000183861
13	c/	2.75791e-05
13	c0	9.19304e-06
13	c1	0.00258324
13	c2	0.00147089
13	c3	0.000790601
13	c4	0.000330949
13	c5	0.000376914
13	c6	0.000330949
13	c7	0.000257405
13	c8	0.000183861
13	c9	0.000147089
13	ca	0.00262002
13	cb	0.000496424
13	cc	0.00122267
13	cd	0.000808987
13	ce	0.00544228
13	cf	0.000404494
13	cg	0.000735443
13	ch	0.00154443
13	ci	0.000432073
13	cj	2.75791e-05
13	ck	0.00165475
13	cl	0.00124106
13	cm	0.000919304
13	cn	0.000229826
13	co	0.000717057
13	cp	0.000864145
13	cq	8.27373e-05
13	cr	0.0019857
13	cs	0.00187538
13	ct	0.00155362
13	cu	0.000101123
13	cv	0.000395301
13	cw	7.35443e-05
13	cx	8.27373e-05
13	cy	0.00162717
13	cz	0.000661899
13	d+	9.19304e-05
13	d-	0.000193054
13	d.	0.000625126
13	d/	4.59652e-05
13	d0	1.83861e-05
13	d1	0.00156282
13	d2	0.00136057
13	d3	0.000661899
13	d4	0.00030337
13	d5	0.000174668
13	d6	0.000294177
13	d7	0.000110316
13	d8	0.000128702
13	d9	1.83861e-05
13	d>	9.19304e-06
13	da	0.00122267
13	db	0.000772215
13	dc	0.000551582
13	dd	0.00042288
13	de	0.010287
13	df	0.000441266
13	dg	0.000266598
13	dh	0.000569968
13	di	0.000744636
13	dj	7.35443e-05
13	dk	0.000110316
13	dl	0.000698671
13	dm	0.000220633
13	dn	0.000459652
13	do	0.000432073
13	dp	0.0010572
13	dq	0.000110316
13	dr	0.000735443
13	ds	0.00107559
13	dt	0.00042288
13	du	0.000312563
13	dv	0.000193054
13	dw	7.35443e-05
13	dx	0.000183861
13	dy	0.000919304
13	dz	1.83861e-05
13	e+	5.51582e-05
13	e-	0.00139734
13	e.	0.00104801
13	e/	0.000119509
13	e0	6.43512e-05
13	e1	0.000974462
13	e2	0.00111236
13	e3	0.000340142
13	e4	0.000128702
13	e5	0.000110316
13	e6	0.000220633
13	e7	9.19304e-05
13	e8	0.000128702
13	e9	5.51582e-05
13	e=	1.83861e-05
13	ea	0.00227987
13	eb	0.000560775
13	ec	0.000625126
13	ed	0.00122267
13	ee	0.000478038
13	ef	0.000634319
13	eg	0.000386107
13	eh	9.19304e-05
13	ei	0.000680285
13	ej	5.51582e-05
13	ek	0.000386107
13	el	0.00269356
13	em	0.00125025
13	en	0.00321756
13	eo	0.000386107
13	ep	0.000386107
13	eq	0.000202247
13	er	0.0147272
13	es	0.00429315
13	et	0.00234422
13	eu	0.000643512
13	ev	0.000294177
13	ew	0.000468845
13	ex	0.00153524
13	ey	0.000505617
13	ez	6.43512e-05
13	f+	9.19304e-06
13	f-	0.000266598
13	f.	0.000183861
13	f0	4.59652e-05
13	f1	0.00144331
13	f2	0.000781408
13	f3	0.000413687
13	f4	0.000266598
13	f5	0.000284984
13	f6	0.000202247
13	f7	0.000183861
13	f8	9.19304e-05
13	f9	6.43512e-05
13	fa	0.000533196
13	fb	0.000165475
13	fc	0.000946883
13	fd	0.000174668
13	fe	0.000450459
13	ff	0.000386107
13	fg	0.000275791
13	fh	0.00021144
13	fi	0.000220633
13	fj	3.67721e-05
13	fk	7.35443e-05
13	fl	0.00021144
13	fm	0.000229826
13	fn	0.000239019
13	fo	0.000128702
13	fp	0.00222471
13	fq	1.83861e-05
13	fr	0.000864145
13	fs	0.000367721
13	ft	0.000735443
13	fu	0.000266598
13	fv	0.000257405
13	fw	3.67721e-05
13	fx	0.000110316
13	fy	4.59652e-05
13	fz	9.19304e-06
13	g+	5.51582e-05
13	g-	0.000330949
13	g.	0.000266598
13	g/	4.59652e-05
13	g0	9.19304e-06
13	g1	0.00112155
13	g2	0.000588354
13	g3	0.000183861
13	g4	0.000183861
13	g5	0.000156282
13	g6	0.000128702
13	g7	8.27373e-05
13	g8	0.000128702
13	g9	8.27373e-05
13	ga	0.000983655
13	gb	0.000119509
13	gc	0.000450459
13	gd	0.000321756
13	ge	0.00256486
13	gf	0.000790601
13	gg	0.000919304
13	gh	0.000487231
13	gi	0.000386107
13	gj	4.59652e-05
13	gk	0.000128702
13	gl	0.000358528
13	gm	0.000275791
13	gn	0.000294177
13	go	0.000294177
13	gp	0.000358528
13	gq	9.19304e-06
13	gr	0.000524003
13	gs	0.000137896
13	gt	0.000450459
13	gu	5.51582e-05
13	gv	0.000101123
13	gw	2.75791e-05
13	gx	2.75791e-05
13	gy	0.00123187
13	gz	3.67721e-05
13	h+	8.27373e-05
13	h-	0.000202247
13	h.	5.51582e-05
13	h/	4.59652e-05
13	h0	5.51582e-05
13	h1	0.0014525
13	h2	0.00144331
13	h3	0.000753829
13	h4	0.000266598
13	h5	8.27373e-05
13	h6	8.27373e-05
13	h7	2.75791e-05
13	h8	8.27373e-05
13	h9	8.27373e-05
13	ha	0.00635239
13	hb	0.000312563
13	hc	0.00042288
13	hd	0.00051481
13	he	0.00121348
13	hf	0.000312563
13	hg	0.000165475
13	hh	0.000110316
13	hi	0.000625126
13	hk	8.27373e-05
13	hl	0.00030337
13	hm	0.000128702
13	hn	0.000202247
13	ho	0.000680285
13	hp	0.000478038
13	hq	6.43512e-05
13	hr	0.000753829
13	hs	0.000524003
13	ht	0.000579161
13	hu	5.51582e-05
13	hv	0.000101123
13	hx	4.59652e-05
13	hy	0.00170071
13	hz	7.35443e-05
13	i+	3.67721e-05
13	i-	0.000468845
13	i.	6.43512e-05
13	i0	3.67721e-05
13	i1	0.00051481
13	i2	0.000239019
13	i3	0.00021144
13	i4	9.19304e-05
13	i5	0.000147089
13	i6	2.75791e-05
13	i8	9.19304e-06
13	ia	0.00841163
13	ib	0.00108478
13	ic	0.00217875
13	id	0.00375995
13	ie	0.000560775
13	if	0.00060674
13	ig	0.000864145
13	ih	0.000193054
13	ii	0.00466087
13	ij	5.51582e-05
13	ik	0.00021144
13	il	0.00217875
13	im	0.000790601
13	in	0.0299693
13	io	0.000680285
13	ip	0.00162717
13	iq	9.19304e-05
13	ir	0.00127783
13	is	0.0124658
13	it	0.0017099
13	iu	4.59652e-05
13	iv	0.000854952
13	iw	1.83861e-05
13	ix	0.000845759
13	iz	5.51582e-05
13	j+	3.67721e-05
13	j-	2.75791e-05
13	j.	1.83861e-05
13	j1	9.19304e-05
13	j2	8.27373e-05
13	j5	1.83861e-05
13	j6	2.75791e-05
13	j9	9.19304e-06
13	ja	2.75791e-05
13	jb	9.19304e-06
13	jc	5.51582e-05
13	jd	2.75791e-05
13	je	9.19304e-05
13	jf	1.83861e-05
13	jh	3.67721e-05
13	ji	5.51582e-05
13	jk	1.83861e-05
13	jm	3.67721e-05
13	jn	9.19304e-06
13	jo	0.000119509
13	jp	3.67721e-05
13	jr	4.59652e-05
13	js	6.43512e-05
13	jt	9.19304e-06
13	ju	1.83861e-05
13	jv	1.83861e-05
13	k+	0.000119509
13	k-	0.000349335
13	k.	1.83861e-05
13	k/	1.83861e-05
13	k1	0.00168233
13	k2	0.00103881
13	k3	0.000312563
13	k4	0.000202247
13	k5	0.000165475
13	k6	0.000128702
13	k7	4.59652e-05
13	k8	4.59652e-05
13	k9	6.43512e-05
13	ka	0.000524003
13	kb	0.000284984
13	kc	0.000220633
13	kd	0.000128702
13	ke	0.00081818
13	kf	2.75791e-05
13	kg	0.000974462
13	kh	8.27373e-05
13	ki	0.000248212
13	kk	9.19304e-05
13	kl	0.000248212
13	km	0.000119509
13	kn	2.75791e-05
13	ko	0.000689478
13	kp	8.27373e-05
13	kr	0.000174668
13	ks	0.000358528
13	kt	0.000459652
13	ku	2.75791e-05
13	kv	0.000128702
13	kw	2.75791e-05
13	kx	4.59652e-05
13	ky	7.35443e-05
13	l+	6.43512e-05
13	l-	0.00114913
13	l.	6.43512e-05
13	l/	7.35443e-05
13	l0	2.75791e-05
13	l1	0.00135138
13	l2	0.00109397
13	l3	0.000579161
13	l4	0.000468845
13	l5	0.000275791
13	l6	0.000312563
13	l7	8.27373e-05
13	l8	7.35443e-05
13	l9	1.83861e-05
13	l<	9.19304e-06
13	la	0.00353013
13	lb	0.000330949
13	lc	0.00108478
13	ld	0.00201327
13	le	0.00512052
13	lf	0.000560775
13	lg	0.000229826
13	lh	0.000358528
13	li	0.000845759
13	lj	6.43512e-05
13	lk	0.000330949
13	ll	0.00305209
13	lm	0.000395301
13	ln	0.000625126
13	lo	0.000294177
13	lp	0.000625126
13	lq	7.35443e-05
13	lr	0.000450459
13	ls	0.000671092
13	lt	0.000919304
13	lu	0.000386107
13	lv	0.000367721
13	lw	2.75791e-05
13	lx	8.27373e-05
13	ly	0.00159959
13	lz	6.43512e-05
13	m+	4.59652e-05
13	m-	0.000294177
13	m.	0.000340142
13	m/	3.67721e-05
13	m0	1.83861e-05
13	m1	0.00106639
13	m2	0.000882531
13	m3	0.000496424
13	m4	0.000165475
13	m5	0.000358528
13	m6	0.000147089
13	m7	3.67721e-05
13	m8	0.000147089
13	m9	4.59652e-05
13	ma	0.00497343
13	mb	0.000496424
13	mc	0.000790601
13	md	0.000239019
13	me	0.00372318
13	mf	0.000119509
13	mg	0.000808987
13	mh	9.19304e-05
13	mi	0.000505617
13	mj	5.51582e-05
13	mk	0.000478038
13	ml	0.00119509
13	mm	0.000551582
13	mn	0.000413687
13	mo	0.000441266
13	mp	0.00239938
13	mq	5.51582e-05
13	mr	0.000349335
13	ms	0.00160878
13	mt	0.000634319
13	mu	0.000468845
13	mv	0.000597547
13	mw	5.51582e-05
13	mx	0.000128702
13	my	0.00141573
13	mz	1.83861e-05
13	n+	9.19304e-05
13	n-	0.00162717
13	n.	0.000891724
13	n/	9.19304e-06
13	n0	1.83861e-05
13	n1	0.000744636
13	n2	0.000588354
13	n3	0.000312563
13	n4	0.000128702
13	n5	0.000119509
13	n6	3.67721e-05
13	n7	0.000119509
13	n8	7.35443e-05
13	n9	3.67721e-05
13	n<	9.19304e-06
13	n=	9.19304e-06
13	na	0.00522164
13	nb	0.000174668
13	nc	0.000744636
13	nd	0.00221552
13	ne	0.0303738
13	nf	0.000395301
13	ng	0.0146905
13	nh	0.000340142
13	ni	0.000128702
13	nj	0.000110316
13	nk	0.000680285
13	nl	0.000321756
13	nm	0.000404494
13	nn	0.000174668
13	no	0.00206843
13	np	0.00081818
13	nq	1.83861e-05
13	nr	0.000376914
13	ns	0.00152604
13	nt	0.00579161
13	nu	0.000128702
13	nv	0.000358528
13	nx	0.000284984
13	ny	0.000193054
13	nz	0.000101123
13	o+	9.19304e-06
13	o-	0.000689478
13	o.	0.000147089
13	o/	2.75791e-05
13	o1	0.000643512
13	o2	0.00101123
13	o3	0.000257405
13	o4	0.000349335
13	o5	1.83861e-05
13	o7	1.83861e-05
13	o8	4.59652e-05
13	o9	9.19304e-06
13	oa	0.00160878
13	ob	0.000312563
13	oc	0.000321756
13	od	0.00107559
13	oe	0.000266598
13	of	0.000386107
13	og	0.000588354
13	oh	0.000845759
13	oi	0.000110316
13	oj	1.83861e-05
13	ok	0.000248212
13	ol	0.00773134
13	om	0.000652705
13	on	0.0356414
13	oo	5.51582e-05
13	op	0.00152604
13	oq	7.35443e-05
13	or	0.00611337
13	os	0.00137896
13	ot	0.000919304
13	ou	0.000110316
13	ov	0.00030337
13	ow	0.000763022
13	ox	0.00149846
13	oy	0.000110316
13	oz	9.19304e-05
13	p+	0.000137896
13	p-	0.00081818
13	p.	0.000137896
13	p/	7.35443e-05
13	p0	6.43512e-05
13	p1	0.0031624
13	p2	0.00209601
13	p3	0.00120429
13	p4	0.000661899
13	p5	0.000312563
13	p6	0.00021144
13	p7	0.000284984
13	p8	0.000119509
13	p9	0.000156282
13	p<	9.19304e-06
13	p=	1.83861e-05
13	pa	0.00235342
13	pb	0.000579161
13	pc	0.00108478
13	pd	0.000551582
13	pe	0.00255566
13	pf	0.000542389
13	pg	0.000496424
13	ph	0.00102043
13	pi	0.00106639
13	pj	1.83861e-05
13	pk	0.000772215
13	pl	0.000459652
13	pm	0.000174668
13	pn	0.000386107
13	po	0.000680285
13	pp	0.000533196
13	pq	5.51582e-05
13	pr	0.000781408
13	ps	0.00195812
13	pt	0.000698671
13	pu	8.27373e-05
13	pv	0.000588354
13	pw	0.000101123
13	px	0.000229826
13	py	0.000992848
13	pz	6.43512e-05
13	q-	4.59652e-05
13	q/	9.19304e-06
13	q1	5.51582e-05
13	q2	9.19304e-05
13	q3	6.43512e-05
13	q4	3.67721e-05
13	q5	9.19304e-06
13	q6	2.75791e-05
13	q7	1.83861e-05
13	q8	6.43512e-05
13	q9	1.83861e-05
13	qa	7.35443e-05
13	qb	2.75791e-05
13	qc	7.35443e-05
13	qe	3.67721e-05
13	qf	6.43512e-05
13	qh	4.59652e-05
13	qi	4.59652e-05
13	ql	4.59652e-05
13	qn	9.19304e-06
13	qp	9.19304e-06
13	qq	3.67721e-05
13	qr	0.000101123
13	qs	6.43512e-05
13	qt	6.43512e-05
13	qv	9.19304e-06
13	qx	9.19304e-05
13	qy	9.19304e-06
13	qz	9.19304e-06
13	r+	9.19304e-06
13	r-	0.00051481
13	r.	0.000349335
13	r0	3.67721e-05
13	r1	0.00216956
13	r2	0.0015812
13	r3	0.000533196
13	r4	0.000560775
13	r5	0.00030337
13	r6	0.000202247
13	r7	0.000183861
13	r8	0.000183861
13	r9	0.000101123
13	r=	9.19304e-06
13	ra	0.0027763
13	rb	0.000956076
13	rc	0.000882531
13	rd	0.000744636
13	re	0.00494585
13	rf	0.00102962
13	rg	0.00126864
13	rh	0.000404494
13	ri	0.00093769
13	rj	1.83861e-05
13	rk	0.000928497
13	rl	0.00051481
13	rm	0.00128702
13	rn	0.000487231
13	ro	0.00163636
13	rp	0.00147089
13	rq	0.000174668
13	rr	0.000634319
13	rs	0.00138815
13	rt	0.00150766
13	ru	5.51582e-05
13	rv	0.000202247
13	rw	3.67721e-05
13	rx	0.000193054
13	ry	0.00281307
13	rz	5.51582e-05
13	s+	0.000174668
13	s-	0.000643512
13	s.	0.00226149
13	s/	6.43512e-05
13	s1	0.00161797
13	s2	0.00133299
13	s3	0.000698671
13	s4	0.000358528
13	s5	0.000275791
13	s6	0.000248212
13	s7	0.000128702
13	s8	0.000128702
13	s9	9.19304e-05
13	sa	0.00236261
13	sb	0.000478038
13	sc	0.000956076
13	sd	0.000432073
13	se	0.0198478
13	sf	0.000459652
13	sg	0.000395301
13	sh	0.00142492
13	si	0.000836566
13	sj	4.59652e-05
13	sk	0.00072625
13	sl	0.000643512
13	sm	0.00174668
13	sn	0.000450459
13	so	0.000569968
13	sp	0.00140653
13	sq	5.51582e-05
13	sr	0.00051481
13	ss	0.00476199
13	st	0.00309805
13	su	0.000174668
13	sv	0.000551582
13	sw	0.000110316
13	sx	9.19304e-05
13	sy	0.000441266
13	sz	2.75791e-05
13	t+	0.000174668
13	t-	0.000248212
13	t.	0.000478038
13	t/	9.19304e-06
13	t0	1.83861e-05
13	t1	0.00227987
13	t2	0.00111236
13	t3	0.000551582
13	t4	0.00060674
13	t5	0.000284984
13	t6	0.000229826
13	t7	5.51582e-05
13	t8	0.000128702
13	t9	4.59652e-05
13	ta	0.00946883
13	tb	0.000386107
13	tc	0.000946883
13	td	0.000524003
13	te	0.0149479
13	tf	0.000569968
13	tg	0.000919304
13	th	0.00174668
13	ti	0.00072625
13	tj	7.35443e-05
13	tk	0.000386107
13	tl	0.00021144
13	tm	0.000340142
13	tn	0.000395301
13	to	0.000689478
13	tp	0.00200408
13	tq	5.51582e-05
13	tr	0.00148927
13	ts	0.00116752
13	tt	0.000790601
13	tu	9.19304e-05
13	tv	9.19304e-05
13	tw	5.51582e-05
13	tx	0.00060674
13	ty	0.00800713
13	tz	0.00021144
13	u+	1.83861e-05
13	u-	2.75791e-05
13	u.	7.35443e-05
13	u/	5.51582e-05
13	u1	0.000174668
13	u2	0.000193054
13	u3	4.59652e-05
13	u4	4.59652e-05
13	u5	2.75791e-05
13	u6	0.000147089
13	u7	1.83861e-05
13	u9	9.19304e-06
13	ua	0.000459652
13	ub	0.000413687
13	uc	0.00125025
13	ud	0.000367721
13	ue	0.000882531
13	uf	4.59652e-05
13	ug	0.00021144
13	uh	4.59652e-05
13	ui	0.000128702
13	uj	2.75791e-05
13	uk	8.27373e-05
13	ul	0.000156282
13	um	0.00667414
13	un	0.000505617
13	uo	3.67721e-05
13	up	0.00143411
13	uq	3.67721e-05
13	ur	0.000643512
13	us	0.00846679
13	ut	0.000983655
13	uu	6.43512e-05
13	uv	1.83861e-05
13	ux	0.000395301
13	uy	1.83861e-05
13	uz	9.19304e-06
13	v+	1.83861e-05
13	v-	7.35443e-05
13	v.	9.19304e-05
13	v/	9.19304e-06
13	v1	0.000496424
13	v2	0.000459652
13	v3	0.000137896
13	v4	0.000110316
13	v8	9.19304e-06
13	va	0.000615933
13	vb	0.000110316
13	vc	0.00030337
13	vd	0.000321756
13	ve	0.000928497
13	vf	7.35443e-05
13	vg	5.51582e-05
13	vh	5.51582e-05
13	vi	0.000275791
13	vj	3.67721e-05
13	vl	0.000174668
13	vm	7.35443e-05
13	vn	0.000101123
13	vo	6.43512e-05
13	vp	0.000165475
13	vq	9.19304e-06
13	vr	0.000156282
13	vs	0.000202247
13	vt	0.000110316
13	vu	9.19304e-06
13	vv	9.19304e-05
13	vw	2.75791e-05
13	vy	5.51582e-05
13	vz	3.67721e-05
13	w-	3.67721e-05
13	w.	0.000128702
13	w/	9.19304e-06
13	w1	1.83861e-05
13	w2	6.43512e-05
13	w3	4.59652e-05
13	w4	0.000110316
13	w5	9.19304e-06
13	w6	3.67721e-05
13	w7	5.51582e-05
13	w8	9.19304e-06
13	wa	0.000284984
13	wb	3.67721e-05
13	wc	7.35443e-05
13	wd	4.59652e-05
13	we	4.59652e-05
13	wf	7.35443e-05
13	wg	3.67721e-05
13	wi	0.000128702
13	wk	0.000183861
13	wl	0.000119509
13	wn	0.000367721
13	wo	3.67721e-05
13	wp	0.000156282
13	wq	9.19304e-06
13	wr	4.59652e-05
13	ws	8.27373e-05
13	wt	0.000661899
13	wu	1.83861e-05
13	wv	1.83861e-05
13	ww	1.83861e-05
13	x-	0.000193054
13	x.	2.75791e-05
13	x/	9.19304e-06
13	x1	0.000643512
13	x2	0.000496424
13	x3	0.000413687
13	x4	0.000312563
13	x5	0.000147089
13	x6	6.43512e-05
13	x7	6.43512e-05
13	x8	3.67721e-05
13	x9	2.75791e-05
13	xa	0.000367721
13	xb	0.000165475
13	xc	0.000119509
13	xd	7.35443e-05
13	xe	0.000165475
13	xf	9.19304e-05
13	xg	0.000128702
13	xh	4.59652e-05
13	xi	8.27373e-05
13	xj	9.19304e-06
13	xk	3.67721e-05
13	xl	0.00021144
13	xm	0.000101123
13	xn	2.75791e-05
13	xo	0.000156282
13	xp	9.19304e-05
13	xr	0.000404494
13	xs	0.000266598
13	xt	4.59652e-05
13	xu	2.75791e-05
13	xv	7.35443e-05
13	xw	3.67721e-05
13	xx	0.000165475
13	xy	0.000965269
13	y-	5.51582e-05
13	y.	0.000395301
13	y1	0.000266598
13	y2	0.000202247
13	y3	3.67721e-05
13	y4	0.000128702
13	y5	3.67721e-05
13	y6	2.75791e-05
13	y9	2.75791e-05
13	ya	0.000349335
13	yb	0.000183861
13	yc	0.000404494
13	yd	9.19304e-05
13	ye	0.000174668
13	yf	8.27373e-05
13	yg	4.59652e-05
13	yh	1.83861e-05
13	yi	5.51582e-05
13	yj	3.67721e-05
13	yk	0.000174668
13	yl	0.00828293
13	ym	8.27373e-05
13	yn	0.000330949
13	yo	0.000128702
13	yp	0.000147089
13	yr	0.000413687
13	ys	0.000717057
13	yt	0.000110316
13	yu	4.59652e-05
13	yv	3.67721e-05
13	yw	9.19304e-06
13	yx	6.43512e-05
13	yy	3.67721e-05
13	z.	2.75791e-05
13	z0	9.19304e-06
13	z1	0.000137896
13	z2	1.83861e-05
13	z3	9.19304e-06
13	z7	2.75791e-05
13	z8	2.75791e-05
13	za	0.000147089
13	zb	3.67721e-05
13	zd	2.75791e-05
13	ze	7.35443e-05
13	zf	0.000137896
13	zg	3.67721e-05
13	zh	2.75791e-05
13	zi	6.43512e-05
13	zl	2.75791e-05
13	zm	1.83861e-05
13	zn	8.27373e-05
13	zo	0.000147089
13	zp	7.35443e-05
13	zr	2.75791e-05
13	zs	3.67721e-05
13	zu	2.75791e-05
13	zx	9.19304e-06
13	zy	5.51582e-05
13	zz	9.19304e-06
14	+t	8.89205e-05
14	-0	8.89205e-05
14	-1	0.000177841
14	-[	8.89205e-05
14	-f	8.89205e-05
14	-n	8.89205e-05
14	-o	8.89205e-05
14	-r	8.89205e-05
14	-s	0.00195625
14	-u	8.89205e-05
14	.b	8.89205e-05
14	.s	0.000177841
14	/+	0.000266762
14	/4	8.89205e-05
14	/9	8.89205e-05
14	/a	8.89205e-05
14	/h	0.000533523
14	/n	8.89205e-05
14	0+	8.89205e-05
14	08	8.89205e-05
14	0a	8.89205e-05
14	0c	8.89205e-05
14	0f	8.89205e-05
14	0q	8.89205e-05
14	0s	0.00160057
14	0x	0.000177841
14	1.	8.89205e-05
14	17	8.89205e-05
14	1f	8.89205e-05
14	1g	8.89205e-05
14	1i	8.89205e-05
14	1m	8.89205e-05
14	1n	8.89205e-05
14	1s	0.00257869
14	1v	8.89205e-05
14	1x	0.000266762
14	2/	8.89205e-05
14	26	8.89205e-05
14	2g	8.89205e-05
14	2h	0.000177841
14	2n	8.89205e-05
14	2o	0.000177841
14	2s	0.00168949
14	3s	0.000177841
14	4+	0.000177841
14	4e	8.89205e-05
14	4s	8.89205e-05
14	4w	8.89205e-05
14	5+	8.89205e-05
14	5<	8.89205e-05
14	5d	8.89205e-05
14	5g	8.89205e-05
14	5s	0.000355682
14	5u	8.89205e-05
14	6+	8.89205e-05
14	69	8.89205e-05
14	6c	8.89205e-05
14	6e	8.89205e-05
14	78	8.89205e-05
14	88	8.89205e-05
14	8o	8.89205e-05
14	8r	8.89205e-05
14	9a	8.89205e-05
14	9e	8.89205e-05
14	:0	8.89205e-05
14	:1	0.000355682
14	<4	8.89205e-05
14	a.	8.89205e-05
14	a4	8.89205e-05
14	ae	0.00106705
14	af	8.89205e-05
14	ah	0.000177841
14	al	0.000444603
14	am	0.000978126
14	ap	8.89205e-05
14	as	0.0333452
14	au	8.89205e-05
14	ay	0.00142273
14	b3	0.000177841
14	b5	8.89205e-05
14	b7	8.89205e-05
14	ba	0.000266762
14	be	0.000444603
14	bi	0.000355682
14	bn	0.000177841
14	bs	0.00978126
14	c3	8.89205e-05
14	c4	8.89205e-05
14	c7	8.89205e-05
14	c9	8.89205e-05
14	ca	0.000266762
14	cb	0.000266762
14	cd	0.000266762
14	ci	0.000177841
14	cm	0.000266762
14	cn	8.89205e-05
14	cr	0.000711364
14	cs	0.0393029
14	cu	0.000266762
14	cw	0.000355682
14	d.	8.89205e-05
14	d4	0.000177841
14	d9	8.89205e-05
14	dc	0.000266762
14	dg	0.000266762
14	dk	8.89205e-05
14	ds	0.0395696
14	dt	8.89205e-05
14	dv	8.89205e-05
14	dw	8.89205e-05
14	dz	8.89205e-05
14	e.	0.000355682
14	e5	8.89205e-05
14	e6	8.89205e-05
14	e7	8.89205e-05
14	ec	0.00320114
14	eg	8.89205e-05
14	es	0.279477
14	f0	8.89205e-05
14	fd	8.89205e-05
14	fg	0.000355682
14	fi	0.000177841
14	fl	8.89205e-05
14	fm	8.89205e-05
14	fp	0.00160057
14	fs	0.013427
14	fv	8.89205e-05
14	fx	8.89205e-05
14	fz	0.000177841
14	g.	8.89205e-05
14	g2	0.000177841
14	g4	0.000177841
14	gb	0.000177841
14	gc	8.89205e-05
14	gh	8.89205e-05
14	gi	8.89205e-05
14	go	0.000177841
14	gp	0.000355682
14	gs	0.0197404
14	gt	0.000177841
14	h-	8.89205e-05
14	h6	0.000177841
14	h7	8.89205e-05
14	hb	0.000622444
14	hf	8.89205e-05
14	hl	0.000177841
14	hq	8.89205e-05
14	hs	0.0114707
14	hz	0.000177841
14	i3	0.000177841
14	ia	0.00275654
14	ih	8.89205e-05
14	ip	0.000444603
14	is	0.00658012
14	j1	8.89205e-05
14	ja	8.89205e-05
14	jd	8.89205e-05
14	je	8.89205e-05
14	jh	8.89205e-05
14	ju	8.89205e-05
14	jv	0.000177841
14	k+	8.89205e-05
14	k3	0.000266762
14	k7	8.89205e-05
14	k8	8.89205e-05
14	kc	0.000177841
14	kg	0.00231193
14	km	8.89205e-05
14	ko	8.89205e-05
14	ks	0.00987018
14	ku	8.89205e-05
14	kv	8.89205e-05
14	kx	8.89205e-05
14	ky	8.89205e-05
14	l6	0.000355682
14	l7	8.89205e-05
14	la	0.00115597
14	lh	0.000266762
14	li	0.0039125
14	ll	0.000978126
14	lm	8.89205e-05
14	lr	0.000177841
14	ls	0.0407256
14	m.	8.89205e-05
14	m2	0.00142273
14	m3	8.89205e-05
14	m7	0.000177841
14	mb	0.000177841
14	mc	0.000177841
14	md	0.000355682
14	mi	8.89205e-05
14	ml	0.000622444
14	mm	0.000444603
14	ms	0.0224969
14	my	8.89205e-05
14	mz	8.89205e-05
14	n.	0.000355682
14	na	0.00133381
14	nb	8.89205e-05
14	nh	8.89205e-05
14	ni	0.00417926
14	nr	0.000266762
14	ns	0.147163
14	nx	8.89205e-05
14	nz	8.89205e-05
14	o1	8.89205e-05
14	o3	8.89205e-05
14	oe	8.89205e-05
14	os	0.00311222
14	p-	8.89205e-05
14	p3	8.89205e-05
14	pc	8.89205e-05
14	pg	0.000177841
14	pi	0.000177841
14	pm	8.89205e-05
14	pp	0.000355682
14	ps	0.0275654
14	pt	8.89205e-05
14	pv	0.000889205
14	pz	8.89205e-05
14	q1	8.89205e-05
14	qf	8.89205e-05
14	qs	0.000355682
14	r.	0.000177841
14	r/	8.89205e-05
14	r1	8.89205e-05
14	r6	8.89205e-05
14	ra	0.00142273
14	rq	8.89205e-05
14	rs	0.103948
14	rv	0.000177841
14	rz	0.000266762
14	s.	0.00355682
14	s/	8.89205e-05
14	s6	0.000177841
14	sc	0.000266762
14	sn	8.89205e-05
14	sq	8.89205e-05
14	sr	0.000444603
14	ss	0.00880313
14	sw	8.89205e-05
14	t.	8.89205e-05
14	t1	8.89205e-05
14	t8	8.89205e-05
14	ta	0.000622444
14	tk	8.89205e-05
14	tm	0.000177841
14	ts	0.0829628
14	tv	0.000177841
14	tw	8.89205e-05
14	tz	8.89205e-05
14	u2	0.000177841
14	ua	8.89205e-05
14	uq	8.89205e-05
14	us	0.00666904
14	vb	0.000177841
14	vf	8.89205e-05
14	vh	8.89205e-05
14	vi	8.89205e-05
14	vn	8.89205e-05
14	vo	8.89205e-05
14	vp	8.89205e-05
14	vr	8.89205e-05
14	vs	0.00595767
14	vv	8.89205e-05
14	vw	8.89205e-05
14	w-	8.89205e-05
14	wb	8.89205e-05
14	wd	8.89205e-05
14	we	0.000177841
14	wg	0.000177841
14	wl	0.000266762
14	ws	0.00444603
14	wv	8.89205e-05
14	wy	0.000266762
14	x7	0.000177841
14	xa	8.89205e-05
14	xi	8.89205e-05
14	xl	0.000177841
14	xo	8.89205e-05
14	xs	0.000177841
14	y.	0.000177841
14	y/	8.89205e-05
14	yi	8.89205e-05
14	yr	8.89205e-05
14	ys	0.00702472
14	zd	8.89205e-05
14	zi	8.89205e-05
14	zr	8.89205e-05
15	&l	0.000138045
15	+f	0.000276091
15	+h	0.000138045
15	+m	0.000276091
15	+s	0.000276091
15	,4	0.000276091
15	,7	0.000138045
15	-1	0.000690226
15	-6	0.000138045
15	-7	0.000138045
15	-a	0.000276091
15	-e	0.000138045
15	-f	0.000276091
15	-g	0.000276091
15	-h	0.000966317
15	-j	0.000276091
15	-m	0.000138045
15	-n	0.000276091
15	-o	0.000138045
15	-p	0.000552181
15	-s	0.000276091
15	-w	0.000138045
15	-y	0.000276091
15	.1	0.000552181
15	.2	0.000138045
15	.3	0.000138045
15	.7	0.000138045
15	.9	0.000138045
15	.a	0.000276091
15	.h	0.000138045
15	.q	0.000138045
15	.s	0.000414136
15	.t	0.000138045
15	.u	0.000276091
15	/+	0.000138045
15	/7	0.000138045
15	/d	0.000138045
15	/i	0.000138045
15	/j	0.000552181
15	/p	0.000276091
15	/w	0.000138045
15	0.	0.000138045
15	00	0.000138045
15	01	0.000138045
15	02	0.000276091
15	03	0.000276091
15	04	0.000138045
15	05	0.000276091
15	06	0.000138045
15	07	0.000414136
15	08	0.000414136
15	09	0.000690226
15	0a	0.00331309
15	0c	0.00110436
15	0d	0.000828272
15	0e	0.000414136
15	0f	0.000138045
15	0g	0.000276091
15	0i	0.000138045
15	0m	0.000414136
15	0n	0.000828272
15	0p	0.000414136
15	0q	0.000276091
15	0r	0.000138045
15	0s	0.000138045
15	0t	0.000414136
15	0v	0.000138045
15	0w	0.000138045
15	1.	0.000138045
15	10	0.000414136
15	11	0.000276091
15	12	0.000138045
15	14	0.000414136
15	15	0.00138045
15	16	0.00220872
15	17	0.000276091
15	18	0.000138045
15	19	0.000138045
15	1a	0.000690226
15	1c	0.000276091
15	1d	0.000828272
15	1e	0.000414136
15	1f	0.000414136
15	1g	0.000552181
15	1h	0.000138045
15	1i	0.000414136
15	1k	0.000552181
15	1l	0.000276091
15	1m	0.000552181
15	1n	0.000552181
15	1p	0.00289895
15	1q	0.000276091
15	1r	0.000414136
15	1s	0.0015185
15	1t	0.000828272
15	1v	0.000552181
15	1w	0.000414136
15	2.	0.000276091
15	20	0.000138045
15	21	0.000276091
15	23	0.000414136
15	24	0.00220872
15	25	0.000138045
15	27	0.000138045
15	28	0.000138045
15	2a	0.00110436
15	2b	0.000138045
15	2c	0.000414136
15	2f	0.000276091
15	2g	0.000690226
15	2k	0.000138045
15	2l	0.000414136
15	2n	0.000414136
15	2o	0.000414136
15	2p	0.00124241
15	2q	0.000276091
15	2r	0.000552181
15	2s	0.00138045
15	2t	0.000414136
15	2v	0.000552181
15	2w	0.000552181
15	2y	0.000138045
15	30	0.000138045
15	31	0.000276091
15	32	0.000138045
15	33	0.000138045
15	34	0.000276091
15	35	0.000138045
15	38	0.000414136
15	39	0.000138045
15	3a	0.00179459
15	3c	0.000690226
15	3d	0.000414136
15	3e	0.000552181
15	3f	0.000414136
15	3g	0.000414136
15	3h	0.000552181
15	3k	0.000138045
15	3l	0.000414136
15	3m	0.000138045
15	3n	0.000828272
15	3p	0.000552181
15	3q	0.000276091
15	3s	0.000828272
15	3v	0.000414136
15	3w	0.000276091
15	3y	0.000138045
15	4.	0.000138045
15	40	0.000276091
15	41	0.000276091
15	42	0.000138045
15	45	0.000276091
15	47	0.000138045
15	49	0.000138045
15	4a	0.00124241
15	4c	0.00110436
15	4d	0.000828272
15	4e	0.000414136
15	4h	0.000138045
15	4i	0.000414136
15	4k	0.000138045
15	4l	0.000828272
15	4m	0.000414136
15	4n	0.000828272
15	4p	0.00110436
15	4q	0.000414136
15	4s	0.000828272
15	4t	0.000276091
15	4v	0.000276091
15	4w	0.000138045
15	4x	0.000276091
15	4y	0.000276091
15	51	0.000138045
15	53	0.000276091
15	55	0.000138045
15	5a	0.00248481
15	5c	0.0015185
15	5d	0.000552181
15	5e	0.000138045
15	5f	0.000414136
15	5g	0.000690226
15	5h	0.000690226
15	5i	0.000414136
15	5k	0.000276091
15	5l	0.000552181
15	5m	0.000552181
15	5n	0.000414136
15	5p	0.000414136
15	5q	0.000414136
15	5r	0.000690226
15	5s	0.00165654
15	5t	0.000828272
15	5v	0.000828272
15	5w	0.000138045
15	5y	0.000276091
15	60	0.000414136
15	61	0.000138045
15	62	0.000138045
15	63	0.00165654
15	64	0.0015185
15	65	0.000138045
15	66	0.000138045
15	67	0.00138045
15	68	0.000138045
15	69	0.000138045
15	6a	0.00207068
15	6b	0.000414136
15	6c	0.00165654
15	6d	0.000138045
15	6e	0.000552181
15	6f	0.000690226
15	6g	0.000828272
15	6h	0.000138045
15	6i	0.000138045
15	6j	0.000138045
15	6k	0.000276091
15	6l	0.000552181
15	6m	0.000414136
15	6p	0.000276091
15	6q	0.000966317
15	6r	0.000276091
15	6s	0.000552181
15	6t	0.000828272
15	6v	0.000966317
15	6w	0.000276091
15	6y	0.000138045
15	7.	0.000138045
15	70	0.00124241
15	71	0.000690226
15	72	0.00331309
15	73	0.000414136
15	74	0.000414136
15	78	0.000414136
15	7a	0.00207068
15	7b	0.000138045
15	7c	0.0015185
15	7d	0.000138045
15	7f	0.000828272
15	7g	0.000828272
15	7i	0.00110436
15	7k	0.000414136
15	7l	0.000552181
15	7n	0.000414136
15	7p	0.000414136
15	7q	0.000276091
15	7r	0.000552181
15	7s	0.000414136
15	7t	0.000414136
15	7v	0.000552181
15	7w	0.000138045
15	7x	0.000138045
15	7y	0.000138045
15	80	0.000276091
15	82	0.000276091
15	83	0.00124241
15	84	0.000276091
15	85	0.000276091
15	86	0.000276091
15	87	0.000276091
15	88	0.000138045
15	89	0.000414136
15	8a	0.00372722
15	8c	0.000690226
15	8d	0.000552181
15	8e	0.000414136
15	8g	0.000276091
15	8h	0.000138045
15	8k	0.000414136
15	8m	0.000138045
15	8n	0.000276091
15	8p	0.000414136
15	8q	0.000552181
15	8r	0.000690226
15	8s	0.000552181
15	8t	0.000414136
15	8v	0.000690226
15	8y	0.000690226
15	90	0.000414136
15	93	0.000414136
15	94	0.000276091
15	95	0.000138045
15	96	0.000138045
15	97	0.000414136
15	9a	0.00317504
15	9c	0.000276091
15	9d	0.000414136
15	9e	0.000276091
15	9f	0.000276091
15	9g	0.000552181
15	9i	0.000414136
15	9k	0.000138045
15	9l	0.000690226
15	9m	0.000690226
15	9n	0.000828272
15	9p	0.000276091
15	9q	0.000828272
15	9r	0.000552181
15	9s	0.000552181
15	9t	0.000552181
15	9v	0.000138045
15	9w	0.000414136
15	9y	0.000414136
15	:0	0.000552181
15	:1	0.000690226
15	:2	0.000138045
15	:3	0.000138045
15	:4	0.000138045
15	:5	0.000276091
15	>c	0.000138045
15	>g	0.000276091
15	>t	0.000138045
15	[h	0.000138045
15	[s	0.000138045
15	a+	0.000138045
15	a.	0.00607399
15	a2	0.000276091
15	a3	0.000138045
15	a4	0.000138045
15	a5	0.000138045
15	aa	0.000138045
15	ab	0.000414136
15	ac	0.00124241
15	ad	0.00289895
15	ae	0.00441745
15	ag	0.000276091
15	ah	0.00124241
15	ai	0.00455549
15	aj	0.000552181
15	ak	0.00179459
15	al	0.0042794
15	am	0.00289895
15	an	0.0340972
15	ao	0.00386527
15	ap	0.000138045
15	ar	0.00621204
15	as	0.003037
15	at	0.000138045
15	au	0.00207068
15	av	0.000138045
15	aw	0.00110436
15	ax	0.000414136
15	ay	0.00496963
15	b.	0.00165654
15	b2	0.000138045
15	b3	0.000276091
15	b4	0.000552181
15	b6	0.000138045
15	b8	0.000138045
15	ba	0.000828272
15	bb	0.000138045
15	bd	0.000138045
15	be	0.00248481
15	bh	0.000276091
15	bi	0.000966317
15	bm	0.000138045
15	bo	0.00124241
15	bq	0.000138045
15	bs	0.000552181
15	bu	0.000414136
15	by	0.000414136
15	bz	0.000414136
15	c.	0.00483158
15	c7	0.000276091
15	c8	0.000138045
15	ca	0.00289895
15	cb	0.000138045
15	ce	0.00110436
15	ch	0.00966317
15	ci	0.00179459
15	ck	0.00648813
15	cm	0.000138045
15	cn	0.000138045
15	co	0.00248481
15	cs	0.000414136
15	ct	0.000414136
15	cu	0.000690226
15	cy	0.000828272
15	cz	0.000276091
15	d.	0.0042794
15	d/	0.000138045
15	d2	0.000138045
15	d3	0.000138045
15	d4	0.000138045
15	d5	0.000138045
15	d7	0.000138045
15	da	0.00980121
15	dc	0.000552181
15	dd	0.000552181
15	de	0.00289895
15	df	0.000138045
15	di	0.00124241
15	dm	0.000276091
15	do	0.00331309
15	dr	0.000138045
15	ds	0.00220872
15	dt	0.00193263
15	dy	0.00110436
15	e.	0.0057979
15	e1	0.000138045
15	e2	0.000138045
15	e4	0.000138045
15	e7	0.000276091
15	ea	0.000966317
15	eb	0.00193263
15	ec	0.00234677
15	ed	0.000828272
15	ee	0.00248481
15	ef	0.000138045
15	eg	0.000276091
15	eh	0.000966317
15	ei	0.000690226
15	ej	0.000276091
15	ek	0.00138045
15	el	0.00952512
15	em	0.000690226
15	en	0.0193263
15	eo	0.000690226
15	eq	0.000138045
15	er	0.0530094
15	es	0.012286
15	et	0.00414136
15	eu	0.000966317
15	ev	0.000276091
15	ew	0.000552181
15	ex	0.000276091
15	ey	0.0124241
15	ez	0.00358918
15	f.	0.00124241
15	fb	0.000138045
15	fc	0.000138045
15	fe	0.000276091
15	ff	0.00372722
15	fg	0.000276091
15	fi	0.000690226
15	fl	0.00124241
15	fm	0.000138045
15	fo	0.000414136
15	ft	0.000552181
15	fu	0.000276091
15	fw	0.000138045
15	g.	0.00331309
15	g1	0.000138045
15	g2	0.000414136
15	g3	0.000138045
15	ga	0.000828272
15	ge	0.00138045
15	gg	0.000828272
15	gh	0.00110436
15	gi	0.00110436
15	gl	0.000138045
15	gn	0.000276091
15	go	0.0015185
15	gr	0.000276091
15	gs	0.000828272
15	gu	0.000276091
15	gv	0.000552181
15	gw	0.000138045
15	gx	0.000138045
15	gy	0.000552181
15	h.	0.0042794
15	ha	0.00165654
15	hb	0.000414136
15	hc	0.000138045
15	hd	0.000138045
15	he	0.00234677
15	hf	0.000138045
15	hg	0.000138045
15	hi	0.00869685
15	hk	0.000276091
15	hl	0.00138045
15	hm	0.000276091
15	hn	0.00179459
15	ho	0.000276091
15	hq	0.000138045
15	hr	0.000828272
15	hs	0.000414136
15	ht	0.000414136
15	hu	0.000276091
15	hy	0.000552181
15	i.	0.003037
15	i1	0.000138045
15	i3	0.000276091
15	i4	0.000138045
15	ia	0.0073164
15	ib	0.000414136
15	ic	0.0015185
15	id	0.00124241
15	ie	0.00372722
15	ig	0.0015185
15	ii	0.000552181
15	ij	0.000138045
15	ik	0.00165654
15	il	0.00124241
15	im	0.00179459
15	in	0.0167035
15	io	0.0015185
15	ip	0.000276091
15	ir	0.000414136
15	is	0.00800663
15	it	0.000690226
15	iu	0.000414136
15	iw	0.000138045
15	ix	0.000138045
15	iy	0.000276091
15	iz	0.000414136
15	j.	0.00524572
15	ja	0.000414136
15	je	0.000138045
15	ji	0.000828272
15	jk	0.000138045
15	jm	0.000138045
15	jn	0.000138045
15	jo	0.000276091
15	jp	0.000138045
15	k.	0.00193263
15	k1	0.000138045
15	k2	0.000138045
15	k6	0.000138045
15	k7	0.000138045
15	ka	0.00358918
15	kc	0.000138045
15	ke	0.00331309
15	kh	0.000276091
15	ki	0.00911099
15	ko	0.00124241
15	ks	0.00138045
15	ku	0.000138045
15	ky	0.00358918
15	l'	0.000138045
15	l.	0.00800663
15	l2	0.000138045
15	la	0.0106295
15	lb	0.000276091
15	ld	0.00441745
15	le	0.00414136
15	li	0.00276091
15	lk	0.000138045
15	ll	0.00993926
15	lm	0.000690226
15	ln	0.000138045
15	lo	0.00234677
15	lp	0.000138045
15	ls	0.000828272
15	lt	0.000690226
15	lu	0.000966317
15	ly	0.00276091
15	lz	0.000276091
15	m.	0.00510768
15	m3	0.000138045
15	m4	0.000138045
15	m6	0.000138045
15	ma	0.00345113
15	mb	0.000276091
15	md	0.000138045
15	me	0.000828272
15	mh	0.000138045
15	mi	0.00414136
15	mj	0.000138045
15	mm	0.000276091
15	mo	0.000828272
15	mp	0.000690226
15	mr	0.000138045
15	ms	0.000828272
15	my	0.000276091
15	n+	0.000138045
15	n-	0.000138045
15	n.	0.00483158
15	n1	0.000552181
15	n2	0.000276091
15	n3	0.000138045
15	n7	0.000138045
15	na	0.00496963
15	nc	0.00124241
15	nd	0.00593595
15	ne	0.00565986
15	ng	0.012148
15	nh	0.000414136
15	ni	0.00869685
15	nk	0.000690226
15	nm	0.000138045
15	nn	0.00773054
15	no	0.0042794
15	np	0.000276091
15	ns	0.00745445
15	nt	0.000828272
15	nu	0.000276091
15	ny	0.00138045
15	nz	0.000690226
15	o.	0.000828272
15	o4	0.000276091
15	oa	0.000138045
15	ob	0.0015185
15	oc	0.000828272
15	od	0.000690226
15	oe	0.000690226
15	og	0.000138045
15	oh	0.000966317
15	oi	0.000966317
15	ok	0.000690226
15	ol	0.00455549
15	om	0.00220872
15	on	0.0254003
15	oo	0.000276091
15	op	0.000414136
15	or	0.000966317
15	os	0.00414136
15	ot	0.000690226
15	ou	0.00248481
15	ov	0.00386527
15	ow	0.00138045
15	ox	0.000276091
15	oy	0.000552181
15	oz	0.000138045
15	p.	0.00248481
15	p1	0.000276091
15	pa	0.000138045
15	pb	0.000138045
15	pc	0.000138045
15	pe	0.000828272
15	pf	0.000414136
15	pi	0.000276091
15	pj	0.000138045
15	pl	0.000276091
15	pm	0.000276091
15	po	0.000138045
15	pp	0.00358918
15	pr	0.000414136
15	ps	0.000966317
15	pu	0.000138045
15	pw	0.000276091
15	q.	0.000690226
15	q4	0.000276091
15	ql	0.000138045
15	qu	0.000138045
15	r.	0.00690226
15	r8	0.000276091
15	r=	0.000138045
15	ra	0.0146328
15	rb	0.000138045
15	rc	0.000138045
15	rd	0.00717835
15	re	0.00483158
15	rg	0.00786858
15	rh	0.000138045
15	ri	0.00414136
15	rk	0.000414136
15	rl	0.000276091
15	rn	0.00345113
15	ro	0.00276091
15	rp	0.000690226
15	rq	0.000138045
15	rr	0.000552181
15	rs	0.00565986
15	rt	0.00538377
15	ru	0.00110436
15	ry	0.00496963
15	rz	0.000138045
15	s.	0.00565986
15	s4	0.000138045
15	s6	0.000138045
15	sa	0.00262286
15	sb	0.000138045
15	sc	0.000276091
15	sd	0.000276091
15	se	0.00138045
15	sh	0.00400331
15	si	0.00193263
15	sk	0.000276091
15	sn	0.000276091
15	so	0.00220872
15	sq	0.000276091
15	sr	0.000138045
15	ss	0.00414136
15	st	0.00317504
15	su	0.00110436
15	sw	0.000138045
15	sx	0.000138045
15	sy	0.000276091
15	sz	0.000276091
15	t.	0.00276091
15	t1	0.000138045
15	ta	0.0127002
15	tb	0.000552181
15	td	0.000138045
15	te	0.00345113
15	tg	0.000138045
15	th	0.00469354
15	ti	0.00469354
15	tl	0.000966317
15	tm	0.000414136
15	to	0.00800663
15	tp	0.000276091
15	tr	0.000276091
15	ts	0.000966317
15	tt	0.00234677
15	tu	0.000276091
15	ty	0.00220872
15	tz	0.00552181
15	u.	0.000414136
15	u7	0.000276091
15	u9	0.000138045
15	ua	0.000276091
15	ub	0.000138045
15	uc	0.000138045
15	ud	0.000690226
15	ue	0.00234677
15	uf	0.000138045
15	ug	0.000276091
15	uh	0.000276091
15	ui	0.000966317
15	uj	0.000138045
15	uk	0.000690226
15	ul	0.0015185
15	um	0.00345113
15	un	0.00165654
15	uo	0.000828272
15	up	0.000414136
15	ur	0.00124241
15	us	0.0073164
15	ut	0.000828272
15	uw	0.000138045
15	ux	0.000414136
15	uy	0.000552181
15	uz	0.000138045
15	v.	0.00110436
15	v6	0.000138045
15	va	0.00276091
15	ve	0.000276091
15	vi	0.000414136
15	vo	0.000276091
15	vp	0.000276091
15	vr	0.000276091
15	vs	0.000138045
15	vy	0.000414136
15	w.	0.0015185
15	wa	0.0042794
15	we	0.000276091
15	wi	0.000276091
15	wn	0.000138045
15	ws	0.00124241
15	wu	0.000138045
15	x.	0.000276091
15	x1	0.000276091
15	x2	0.000138045
15	x3	0.000276091
15	x4	0.000276091
15	x5	0.000138045
15	x6	0.000138045
15	xa	0.000138045
15	xe	0.000138045
15	xf	0.000138045
15	xl	0.000276091
15	xo	0.000138045
15	xr	0.000138045
15	xy	0.000138045
15	y.	0.00193263
15	y1	0.000138045
15	y2	0.000552181
15	y4	0.000276091
15	y6	0.000138045
15	ya	0.00179459
15	yd	0.000138045
15	ye	0.000690226
15	yg	0.000138045
15	yk	0.000276091
15	ym	0.000138045
15	yn	0.000552181
15	yp	0.000276091
15	yr	0.000828272
15	ys	0.00469354
15	yt	0.000138045
15	yu	0.000138045
15	yx	0.000138045
15	z.	0.000414136
15	za	0.000552181
15	ze	0.000414136
15	zi	0.000690226
15	zo	0.000276091
15	zu	0.000552181
21	-g	0.000552792
21	-i	0.000552792
21	-n	0.000552792
21	-o	0.000552792
21	-p	0.000552792
21	/7	0.000552792
21	/9	0.000552792
21	/=	0.000552792
21	/d	0.00110558
21	0.	0.000552792
21	07	0.00386954
21	0x	0.00165837
21	1.	0.00165837
21	1p	0.000552792
21	2.	0.000552792
21	3.	0.000552792
21	35	0.000552792
21	4-	0.000552792
21	4.	0.000552792
21	5.	0.00165837
21	5w	0.00110558
21	6.	0.00165837
21	7-	0.000552792
21	83	0.000552792
21	9a	0.000552792
21	:6	0.000552792
21	=2	0.000552792
21	>t	0.000552792
21	a.	0.000552792
21	a0	0.000552792
21	a1	0.000552792
21	ae	0.000552792
21	ay	0.00221117
21	b3	0.00110558
21	b8	0.000552792
21	by	0.00165837
21	c.	0.000552792
21	ce	0.00165837
21	ch	0.00276396
21	ck	0.00276396
21	d.	0.00110558
21	dc	0.000552792
21	dj	0.000552792
21	ds	0.00331675
21	dt	0.000552792
21	e.	0.000552792
21	ee	0.00110558
21	eq	0.000552792
21	er	0.00552792
21	es	0.0066335
21	f4	0.000552792
21	fa	0.000552792
21	fd	0.00110558
21	fl	0.000552792
21	go	0.00165837
21	gp	0.000552792
21	hy	0.000552792
21	iv	0.000552792
21	lb	0.000552792
21	ld	0.135434
21	lf	0.000552792
21	lm	0.000552792
21	ly	0.746269
21	m+	0.000552792
21	m.	0.00165837
21	m7	0.000552792
21	me	0.00165837
21	n.	0.00110558
21	n2	0.000552792
21	o2	0.000552792
21	o4	0.000552792
21	of	0.00165837
21	on	0.00829187
21	oo	0.00165837
21	ox	0.000552792
21	p.	0.00442233
21	pg	0.000552792
21	ph	0.000552792
21	pp	0.00110558
21	qt	0.000552792
21	rd	0.000552792
21	re	0.00221117
21	rt	0.00221117
21	s.	0.000552792
21	s6	0.000552792
21	s8	0.000552792
21	sa	0.00110558
21	se	0.00221117
21	ss	0.00331675
21	td	0.000552792
21	th	0.00276396
21	to	0.00276396
21	uu	0.000552792
21	vi	0.000552792
21	vo	0.000552792
21	x.	0.000552792
21	xd	0.000552792
21	yi	0.000552792
21	yo	0.000552792
21	z.	0.000552792
28	.3	0.00133156
28	0c	0.00133156
28	6.	0.00133156
28	ad	0.00266312
28	al	0.00266312
28	an	0.00399467
28	ap	0.00399467
28	ar	0.00532623
28	aw	0.00932091
28	ax	0.00133156
28	be	0.00798935
28	ce	0.0186418
28	ch	0.00932091
28	ck	0.00266312
28	ct	0.0252996
28	de	0.0159787
28	dy	0.00266312
28	ed	0.00532623
28	el	0.00798935
28	en	0.0133156
28	er	0.0266312
28	et	0.011984
28	ew	0.00399467
28	ey	0.00133156
28	fy	0.0186418
28	ge	0.0159787
28	gh	0.00266312
28	gn	0.00133156
28	id	0.00133156
28	ie	0.00399467
28	il	0.00266312
28	im	0.00133156
28	in	0.0199734
28	it	0.0186418
28	ke	0.00665779
28	ld	0.00133156
28	le	0.0306258
28	ll	0.00133156
28	lm	0.00133156
28	lt	0.00133156
28	ly	0.011984
28	me	0.00266312
28	nd	0.0173103
28	ne	0.0199734
28	ng	0.00532623
28	nt	0.0173103
28	on	0.00266312
28	or	0.00266312
28	ow	0.0106525
28	oy	0.00266312
28	p3	0.00133156
28	pt	0.00133156
28	r.	0.00266312
28	rd	0.00399467
28	re	0.0292943
28	rm	0.00665779
28	rt	0.0213049
28	se	0.0599201
28	sh	0.0106525
28	sk	0.00532623
28	sp	0.00133156
28	sr	0.00133156
28	ss	0.0133156
28	st	0.00798935
28	t.	0.00133156
28	te	0.279627
28	ue	0.00266312
28	ur	0.0106525
28	ve	0.0159787
28	wl	0.00133156
28	ze	0.113182
29	/g	0.00224215
29	>t	0.00224215
29	a0	0.00224215
29	am	0.00448431
29	an	0.00896861
29	at	0.00448431
29	ca	0.00224215
29	ed	0.919282
29	ee	0.00224215
29	ew	0.00896861
29	h4	0.00224215
29	ht	0.00224215
29	ju	0.00224215
29	me	0.0112108
29	n+	0.00224215
29	ok	0.00224215
29	re	0.0112108
29	th	0.00224215
29	ut	0.00448431
29	we	0.00224215
30	+4	0.000894454
30	,6	0.000894454
30	/7	0.000894454
30	/8	0.000894454
30	0a	0.000894454
30	1.	0.00178891
30	20	0.000894454
30	2h	0.000894454
30	2v	0.000894454
30	3.	0.00178891
30	4.	0.00178891
30	5.	0.000894454
30	5e	0.000894454
30	6a	0.000894454
30	6s	0.000894454
30	7.	0.00268336
30	8.	0.000894454
30	9.	0.000894454
30	9a	0.000894454
30	9f	0.000894454
30	=1	0.000894454
30	a.	0.000894454
30	a7	0.000894454
30	c4	0.000894454
30	c6	0.000894454
30	d.	0.000894454
30	e.	0.00178891
30	f8	0.000894454
30	fa	0.000894454
30	fm	0.000894454
30	g.	0.000894454
30	g/	0.000894454
30	gb	0.000894454
30	gp	0.000894454
30	he	0.000894454
30	ij	0.000894454
30	j1	0.000894454
30	k/	0.000894454
30	k7	0.000894454
30	k8	0.000894454
30	kx	0.000894454
30	lb	0.000894454
30	lm	0.000894454
30	ls	0.000894454
30	mb	0.000894454
30	n.	0.00715563
30	n1	0.000894454
30	ng	0.92576
30	nu	0.000894454
30	q6	0.000894454
30	s.	0.00715563
30	sr	0.000894454
30	t.	0.000894454
30	td	0.000894454
30	tv	0.000894454
30	u1	0.000894454
30	ut	0.000894454
30	vb	0.000894454
30	vy	0.000894454
30	wl	0.000894454
30	xk	0.000894454
30	yy	0.000894454
30	z.	0.00178891
31	.5	0.000620347
31	.d	0.000620347
31	/2	0.000620347
31	/h	0.00124069
31	09	0.000620347
31	0x	0.000620347
31	13	0.000620347
31	1l	0.000620347
31	2h	0.000620347
31	3.	0.00124069
31	58	0.000620347
31	6r	0.000620347
31	71	0.000620347
31	7x	0.000620347
31	8a	0.000620347
31	9.	0.000620347
31	9a	0.00124069
31	:1	0.00496278
31	:6	0.000620347
31	=3	0.000620347
31	=4	0.000620347
31	a+	0.000620347
31	ad	0.00434243
31	c2	0.000620347
31	c4	0.000620347
31	c9	0.000620347
31	ck	0.000620347
31	d.	0.00558313
31	dd	0.000620347
31	e.	0.000620347
31	e/	0.000620347
31	e2	0.000620347
31	ec	0.00124069
31	ed	0.908189
31	en	0.0124069
31	fi	0.000620347
31	g.	0.000620347
31	g2	0.000620347
31	g5	0.000620347
31	gk	0.000620347
31	hd	0.000620347
31	ht	0.00744417
31	jh	0.000620347
31	kc	0.000620347
31	l.	0.000620347
31	ld	0.00124069
31	lg	0.000620347
31	lt	0.00124069
31	me	0.000620347
31	mx	0.000620347
31	n2	0.00124069
31	ne	0.00372208
31	o.	0.000620347
31	o1	0.000620347
31	p+	0.000620347
31	p2	0.000620347
31	pp	0.000620347
31	q3	0.000620347
31	r7	0.000620347
31	rl	0.000620347
31	rn	0.00496278
31	ro	0.000620347
31	rq	0.000620347
31	s.	0.000620347
31	t1	0.000620347
31	tm	0.00124069
31	u4	0.000620347
31	vv	0.000620347
31	vw	0.000620347
31	w3	0.000620347
31	w4	0.000620347
31	wn	0.00372208
31	xf	0.000620347
32	+4	0.00205339
32	2.	0.00410678
32	5u	0.00205339
32	73	0.00205339
32	ap	0.00410678
32	ay	0.00616016
32	b2	0.00205339
32	be	0.00616016
32	ce	0.0287474
32	ch	0.00821355
32	ct	0.036961
32	de	0.036961
32	e.	0.00205339
32	ee	0.00410678
32	el	0.0102669
32	en	0.0164271
32	er	0.0308008
32	ey	0.00205339
32	f.	0.00821355
32	fy	0.0143737
32	g2	0.00205339
32	ge	0.026694
32	gh	0.00410678
32	hn	0.00205339
32	ht	0.00821355
32	ic	0.00616016
32	ie	0.00821355
32	il	0.00205339
32	in	0.0246407
32	is	0.00205339
32	it	0.0184805
32	ke	0.00821355
32	l8	0.00205339
32	le	0.0328542
32	lf	0.00205339
32	ll	0.00205339
32	ly	0.0164271
32	mb	0.00205339
32	nd	0.036961
32	ne	0.0123203
32	ng	0.00821355
32	nk	0.00821355
32	nt	0.0123203
32	ny	0.00205339
32	on	0.00205339
32	or	0.00205339
32	ou	0.00205339
32	ow	0.00410678
32	pp	0.00205339
32	pt	0.00205339
32	py	0.00205339
32	rb	0.00616016
32	rd	0.00205339
32	re	0.0184805
32	rm	0.0184805
32	rn	0.00410678
32	rt	0.00821355
32	ry	0.00616016
32	s.	0.00205339
32	se	0.0698152
32	sh	0.0102669
32	ss	0.0246407
32	st	0.0123203
32	te	0.240246
32	ud	0.00205339
32	ue	0.00821355
32	ve	0.0164271
32	wl	0.00205339
32	z.	0.00205339
32	ze	0.0513347
33	++	0.00101317
33	38	0.00101317
33	3d	0.00101317
33	bs	0.00101317
33	bw	0.00101317
33	ds	0.0364742
33	es	0.642351
33	gs	0.00202634
33	ks	0.0141844
33	ls	0.00607903
33	lt	0.00101317
33	ms	0.0233029
33	ns	0.0567376
33	pp	0.00202634
33	ps	0.0151976
33	rs	0.0486322
33	tm	0.00101317
33	ts	0.128673
33	vh	0.00101317
33	vy	0.00101317
33	ws	0.00607903
33	xs	0.00101317
33	ys	0.00810537
